	S1	S2	S3
IQGAP1	0.309976369948583	0.470371432172526	-0.227219910575961
S100A11	0.341963563859583	1.08017259883235	-0.579011615346507
RAB31	0.559602725736653	0.494882082493314	-0.365556131006672
CD37	0.373378249397552	0.429358435634846	-0.555964098526623
POSTN	0.730001869542728	1.04029917160315	-0.61749898522551
ARHGDIB	0.248273969293828	0.382224469011215	-0.410735152188134
ALOX5AP	0.402995997082594	0.63063927598418	-0.54030429532675
LAPTM5	0.327971090864589	0.578714546459845	-0.570237114412232
ARPC2	-0.0270200807893287	0.37592980130825	-0.169752100775727
IFI30	0.0717663326865331	0.469165056553986	-0.430098626362194
COL1A2	1.02180069612973	0.616138630330287	-0.757425543491009
GPNMB	0.377634563476082	0.510644963004836	-0.542540201166196
ANXA1	0.436746318080726	0.26470519895088	-0.24102511749593
LUM	1.89109374727005	0.295525408378238	-1.01573948715907
CDK2AP1	-0.0973770022069105	0.187744332631198	-0.173594268038008
LHFPL2	0.0737294947400669	0.546292169248773	-0.487539173024442
LSP1	0.258503119645501	0.515237253009298	-0.459650980679318
CTSC	-0.0651555936708704	0.508202609843154	-0.364126514815907
LCP1	0.144668270161409	0.357734561004161	-0.274329994417164
IER3	0.524627662154396	0.618493934385883	-1.04260497658987
PTPRC	0.233981078787367	0.389556734263216	-0.165100989943381
COL3A1	1.32600734780468	0.7466723035708	-0.458274400739838
MSN	0.245040186089067	0.190237623416874	-0.0940396035064567
SLA	0.48580243635476	0.402014693184637	-0.290461305991025
IL2RG	0.249832642426796	0.744085559234405	-0.814660332591172
COL4A2	0.600400441618158	0.401040379569026	-0.184528270589772
GEM	1.19207547786925	0.28595532766509	-0.335311907490828
PLP2	0.0870861734047895	0.69946390127944	-0.625806522796311
ARPC1B	0.198398181248453	0.496467657360998	-0.551810636768269
CYP1B1	0.0488098044529101	0.00398926563365455	0.350052031766771
MGP	1.10897090893773	0.432324812303204	-0.696500020941093
ANXA5	0.0941688113243882	0.420003183663973	-0.449905394011597
DAB2	0.498164741497698	0.491100230332278	-0.205444380027306
TAX1BP3	0.398561240168063	0.572582968218042	-0.600011869305074
C3AR1	0.39913018803084	0.341599165680786	-0.333693759585227
CCL5	0.451348217175888	0.503027597277255	-0.385202904830353
PYGB	-0.0382119758879952	0.390466632233803	-0.122204715215459
TPM2	0.411940938831207	0.38553248698303	-0.50787667511864
COL4A1	0.357091015974458	0.255516051590399	-0.178954254093959
CBFB	-0.0821977892738346	0.207159729059093	-0.202787492754875
THY1	0.713841296045895	0.354531332779468	-0.44829928215034
ALDOA	0.266704976449827	0.876112642923919	-0.238840542602633
ITPR3	0.0655600562241719	0.977081941523494	-0.292707030215837
BLVRA	-0.0373259248847823	0.326705894075221	-0.753458804569215
HK1	0.495809204111614	0.300000732611837	-0.0830956811753646
CD53	0.377563708073903	0.548574813209003	-0.441955036689984
HLA-DQB1	0.564713341959319	0.533278376775052	-0.586960449234015
CORO1A	0.340073422758421	0.572454787455934	-0.574343689971334
PLAUR	0.518226960934036	0.770083893052786	-0.482336893898578
TIMP2	0.645593265572292	0.500087743382552	-0.464921086897932
OAZ1	0.0387256158369058	0.33426631560802	-0.187653306018244
HLA-DPB1	0.382613046915462	0.501821468242612	-0.644346831020335
IL7R	0.755783346785991	0.327615347151604	-0.139699301716683
BCL2A1	0.339600322425754	0.668812703502818	-0.308688187841035
TRAF3	-0.260251637224811	0.133994276723116	-0.0445070952471991
LAMB1	0.242931507149672	0.449045080588647	-0.45565839134803
NCF1	0.301561510115687	0.577254162313996	-0.41823306878136
LTBP2	0.896428527243782	0.203808424075494	-0.433417492846225
CDH11	0.767331535478711	0.486547979962674	-0.294070265443554
SLC1A5	0.285351026353698	1.02035556937777	-0.672940181375846
KLF5	-0.00915803255684033	0.549466680429615	-0.155849423699536
LDHB	0.546189268198381	0.431018498369737	-0.224643688539135
COL15A1	0.472859756340219	-0.0337279194302001	-0.178399057665845
TCF4	0.461264037507128	-0.0277353139521632	0.00848402455733489
CD47	-0.0489512348315448	0.15291932173563	-0.0677873949201432
CTGF	0.701434067430569	0.284810453133654	-0.333506422705001
ID3	0.721622124529573	0.141632924514127	-0.287098083709298
IGLL1	0.10860967273929	0.0998342857794991	0.0804758832985266
KIAA0101	-1.10919339367992	0.588191940381967	-0.252605065682965
FBN1	0.867509073978075	0.120838806729075	-0.160257920260337
ADAM8	-0.00260697786617441	0.325958421232341	-0.274049139899571
HIF1A	0.138575910377631	0.454523938635395	-0.114140527427844
TRAF5	-0.114338451298831	0.290977402149164	-0.379435109468783
COL6A1	0.789976155369969	0.016934491262164	-0.526027414197427
ACTA2	0.443121895152042	0.100453821828272	-0.237170533858163
LGALS1	0.316466066606267	0.518272905568433	-0.349232753118
TSPAN3	-0.0443047549904175	0.342251510823137	-0.227317721910001
PFN1	-0.0152675591222184	0.400644512378216	-0.326849817671625
NSMAF	-0.0356946085188045	0.216538034442222	-0.257624515519147
ATP6V1F	-0.0665114113314606	0.325061585624054	-0.199120488395572
LTBP3	0.10943905895359	-0.0836193921055825	-0.331408327928683
CYBB	0.422045219316763	0.590826546215887	-0.343190350995663
HLA-DQA2	-0.0633374116706656	0.56758933304215	-0.614935318503012
LGALS3BP	0.126351307184219	0.318974385544998	-1.28994394135531
NPC2	-0.119134605330158	0.277724806262546	-0.167600479391303
EFEMP1	1.77286775370194	-0.0169955964705527	-0.735242546257972
MAP1B	0.442841720519955	0.0927306834559359	0.0115223143350651
TAGLN	0.880967431060309	0.0745397638120473	-0.404202809707701
ATP6V1B2	0.0979344911249112	0.202439447808925	0.0333478874279145
DCTN2	-0.031992974943835	0.264830163428482	-0.0592260557906424
CXCR4	0.301266250613518	0.428710151412657	-0.641546766909088
HLA-DMA	0.393670221375582	0.407722385077319	-0.542834295884332
FLNA	0.391561964658817	0.586435928293837	-0.300660661332063
FCGBP	0.000746846018048737	0.581943697923608	0.0031001592394113
MYCBP2	0.0312190237692818	-0.0338050685714415	0.0328188357821418
PPIC	0.00701294658557953	0.211066259316185	-0.183174214978844
AEBP1	1.32485806880449	-0.0566585149149606	-0.884157472507818
HCLS1	0.565338418332072	0.325688355123986	-0.444892233653168
PAM	0.535752052941804	0.370402202310282	-0.0554718007915496
S100A10	-0.339112534147764	0.147515054923322	-0.439259716633545
F13A1	0.821309835133749	0.311703344589638	-0.0784866380652809
C1QB	0.553818921309901	0.563336439731319	-0.50060162915426
GUCY1A3	0.62879999189362	0.235366947383619	-0.0886608129056239
LMO4	-0.0529429141388339	0.0152304504772692	0.206124652353252
STX3	0.0645690841526816	0.439808928477026	-0.188509057932412
STK38	-0.108852775016282	0.147157671947354	0.00493711316057134
EFNB1	0.386259601601343	0.245532627267553	-0.150572921429031
CAPZA1	-0.0962390835040798	0.206216147787876	-0.0711508850994642
MPHOSPH6	-0.0701988080693901	0.101676984178946	-0.0988237068008986
ZNF384	-0.24574293020534	0.163989546861617	-0.0943900930728022
CD74	0.313639139353117	0.520785930789252	-0.730507601957744
NBL1	0.641165547244553	0.610332834868509	-0.377676477899681
CD151	-0.110266294125167	0.350761718961471	-0.364428494061983
MTHFD2	0.313238321610423	0.560364765289539	-0.351809550303331
GRN	-0.0715003315191625	0.371861817998679	-0.100911827571031
RNASE6	0.579568030260748	0.320500793195141	-0.547839231266917
CRABP2	0.57952011461844	0.644021639461549	-0.0526170396316051
CDC25B	-0.15335247810766	0.498392143877591	-0.249785307695822
DDR1	-0.188985477289201	0.857353466999456	-0.799383830559199
PKN1	-0.0747099650753148	0.282135292372607	-0.547522554004114
IFI16	0.521593037796001	0.320961374179232	-0.307575705977077
SLC39A6	-0.134946198680187	0.421904315547148	-0.121040184309728
PKMYT1	-0.731359443091266	0.521033634004953	-0.167373382881192
IKBKE	-0.122814778788198	0.593680188269944	-0.751020548443584
COL6A2	1.05868166959576	0.24179273465048	-0.611062594112557
GYPC	0.520597924986522	0.127408854319021	-0.345619589529301
CYR61	0.915720829087193	0.0863662540425582	-0.00817972725357349
ADAM9	-0.0907893489691012	0.607554578443634	-0.16760997509252
ASAH1	0.246908272621696	0.315840098291735	-0.0563810637503699
GSTP1	0.743487553705337	0.599488395674224	-0.515631893290373
CRIP2	0.496087544339387	-0.0666991202221033	-0.219076304609738
COL5A2	0.201271523836628	0.340801345482745	-0.244078815334536
PIM2	0.057424242087781	0.384644216551761	-0.215370527864952
COL11A1	0.426655674014725	0.617494305055572	0.0355338449882036
DPYSL2	0.27383388849022	0.00883467701464543	0.139670332181642
CSRP3	0.0100688063492907	0.0529926035927245	0.00856368564043701
FCGR2A	0.287165515502547	0.476175075916769	-0.278675736860628
GNAI2	0.0306285956213485	0.0416217911877065	0.0429914984707554
RALGDS	0.20196047623153	0.202952776153304	-0.230107052086035
ACP5	0.221347079088706	0.183827700028273	-0.843591135006591
FYB	0.204584254452297	0.463850058524133	-0.179919875069043
LITAF	0.194132965171026	0.0416594299772819	-0.199387050991349
POLD3	-0.214968182352459	0.285096211329199	-0.00597683060812116
RSU1	0.0731445681278486	0.057191685569895	-0.00688125812255317
PEA15	-0.0829169025707209	0.263496633943124	-0.211724919468134
FHL3	0.090401317797929	0.394184115503336	-0.527269843016469
ANXA4	0.409267527603637	0.545332879213164	-0.245031810887019
CD3D	0.46796340385979	0.77662153524101	-0.625996697124731
M6PR	-0.103440954303439	0.243116975695814	-0.0696913400143513
RNASE1	0.607155921708208	0.265527644344549	-0.19873230983267
IGFBP5	0.606095705562084	0.0296503105613267	-0.192263399034687
PKD2	0.0256799438516502	-0.0249699560321573	0.0546883207436726
CTSS	0.207707314093095	0.143284581507634	-0.325499645370217
DGKA	0.16627898821904	0.264027361697972	-0.315333295339076
SLC2A5	-0.0971096677114026	0.710662491091684	1.05596463794227
SLC7A5	0.273213363341398	0.18898545629057	-0.113113957149203
FUT4	0.306560934558075	0.429749310374455	-0.285088080775346
CDC20	-1.14366524599321	0.911383374752017	-0.397353884819944
CYBA	0.761348975127005	1.12299144383792	-0.73974371091154
PRKD2	0.0640132481873383	0.202278083015945	-0.243839506027039
TP53BP1	-0.0125529727627284	0.185510691293658	-0.132161062211433
S100A13	0.12966648918205	0.291840787929715	-0.438285000956678
DUT	-0.208492337146656	-0.0572209711708509	0.250373243418273
IRF1	-0.0657192687166045	0.27225606634302	-0.159214275731333
SMARCD1	-0.176068682967334	0.260141154466863	-0.136916734240835
AQP1	0.744973272545105	0.012556708056389	-0.33279413376847
PAK1	-0.318070768941199	0.0792463439723015	-0.36826515546715
CCR7	0.331510602690831	0.215287888720328	-0.178156184087974
TRIP10	0.239357939460211	0.366744380780723	-0.33042521689833
LYN	0.2359158169503	0.162190604973934	-0.263317198089835
ARF5	-0.0670120742547873	0.104579574907208	-0.0832532157987797
FGL2	0.480321560140063	0.260185618781724	-0.202886788394507
CXCL1	0.770930390742675	1.00509164034473	-0.532025863906418
GLIPR1	0.316114060508107	0.302554017071135	-0.0552663499870191
PSMD2	-0.111964612088096	0.181491667807887	0.0300622257969806
CCND2	0.191185833227115	0.363169299282547	-0.118832467800259
AIF1	0.405107076599525	0.423353551692429	-0.541710698233356
PAPSS1	-0.21398909394314	0.196556983535964	-0.0460388771432284
SRI	-0.109187062030602	0.0823652710452989	-0.342822215584175
ME1	0.199889016368441	0.10410594943743	-0.0510261630999779
PLD3	0.00250384368563597	0.223202542740021	0.0577133422200712
DUSP5	1.08408679927409	0.425952487748897	-0.370035704216874
DNM2	-0.0658543680739896	0.143502032143012	-0.0567561955334372
ADAM15	0.124143419384137	0.126376213326687	-0.0736232935727698
HLA-DOA	0.540990236563732	0.611113112739446	-0.293398099023694
GNS	-0.119985399454099	0.150951012656151	0.0311724014267042
RCC1	-0.182077572566505	0.248826364819501	-0.0820639890126745
RIT1	-0.151271596751255	0.283747076046632	-0.150671718702198
PPP4R1	-0.0700706861301627	0.220800226188699	-0.179333107089693
RHOA	-0.131245935438794	0.189055521763496	-0.0124238156370707
MFAP1	-0.0815126303860559	0.0623859766452129	-0.0215521090288062
ATP1B3	0.0940658174856876	0.517440936325995	-0.348379707561438
PROCR	0.811243380561502	0.262733536587728	-0.267280138380673
ATP6AP1	-0.148248084336264	0.206826150651869	-0.0997558095718872
DDX11	-0.509287969647567	0.285790829320844	-0.160976407856522
LOX	0.311627918826219	0.501505275110694	0.203346092416571
LGMN	0.148449212189681	0.182441306103052	-0.0485659777544017
CD48	0.532931148740938	0.461434937760808	-0.463104870221712
ITGB2	0.33260961954749	0.501428530726471	-0.415482904549791
TFF3	0.880039656111656	0.554201428500834	-0.351118256392487
DGKZ	0.000837600029148424	0.209628521344292	-0.228638901153127
RIN2	0.179195590291871	-0.0449812878702296	-0.0804835387014505
SLBP	-0.23875711156613	0.227631424837652	-0.069330620634836
CD8A	0.589471084882068	0.641355656297591	-0.137010723984147
RPA2	-0.134360477812825	0.131263144189365	0.0295264114645023
SPAG8	-0.136162815427457	0.0886040313230907	0.0277716447627338
CYFIP1	0.00444080115292007	0.0444917599697163	-0.0591773956748743
TNFRSF1B	0.4230084922638	-0.0929629430649886	-0.0774846026224046
RALB	0.156267991907301	0.188597427258743	-0.102199426282907
IL2RB	0.130701843760656	0.347827327132198	-0.0114440306306136
PGK1	-0.0532287722050818	0.316772884811872	0.0149355913245838
CCL3	0.28750977877647	0.189710370780709	-0.305296929323652
PPP1CB	-0.0558312596676212	0.0935502835544838	0.100373848594458
IL15RA	0.226770073022364	0.235018245173973	-0.494098848029884
SLC2A1	0.00937555954889314	0.480062064888515	-0.121211008690788
AP2S1	-0.0121925831509194	0.188374017382127	-0.11667629722292
LTF	0.861132379458484	0.145348013520107	0.135266248371254
AKT3	0.443419660556261	0.224863989032266	0.20027018751538
PRMT5	-0.116100153596512	0.0160816049259654	0.0898598812747503
LGALS9	0.338515188473298	0.54724564802529	-0.630537717812454
ATP6V0B	0.057808751772965	0.188302165869353	-0.144621207315742
HEXA	-0.0742106402441115	-0.08570769692483	0.0935192423512749
SMAD2	-0.0587561426181616	0.127121679112073	0.0135952307240143
CHN1	0.103197208318753	0.279638058873258	0.0899625571244134
DDR2	0.178893779094316	0.0797962259433123	0.323629460170453
PPP4C	0.0547633897930611	0.112156765705794	-0.103992403272208
COL2A1	0.255394006710342	1.33051753720441	0.506096459980029
GPC3	-0.96804147715852	-0.0511233807267681	-1.25223142478554
AFP	-0.15468764763006	2.31732252844881	-0.534503842785439
AHCY	-0.153679130366282	0.149225542349019	0.0813611864569932
TARBP1	-0.486179243348211	-0.0552388396044882	-0.137273605133864
ARID3A	-0.0714535982800082	0.736871081974243	-0.204559447670403
FGFR3	0.0329085312594854	0.422909275029969	-0.497193816408214
SMARCC1	-0.266220797738532	0.247043351564072	-0.0853189117520601
RPS5	-0.190926331910495	0.568174346109778	-0.190372056012496
EIF4A2	-0.407248968133004	0.0700206674402541	0.0996903520141211
TRIM26	-0.134266060637298	-0.0921259041809122	0.163071000244492
PHF3	-0.20995406968266	-0.0161108123346615	0.149171840156082
FBL	-0.171154526584091	0.51507718565744	-0.278734781799659
SSB	-0.14084752853718	0.256110284828908	-0.0737820874539738
TTC3	-0.0864571671149614	0.100201573557687	0.0291676116620482
LBR	-0.236264166677843	0.257987260660935	-0.109866873040312
SNRPE	-0.173567083492725	0.237847789453045	-0.252396006922365
GLUD1	0.0691889868065412	-0.123847833507677	0.0803676724176367
IGF2	1.25180807277339	1.09593822204154	0.0359730977195145
MAPK6	-0.263465223336463	-0.0492140783480779	0.130034207259746
ATXN10	-0.0958161632145388	0.0628791487258794	-0.0751733067859296
RPS24	-0.254817939109611	0.420769165265461	-0.391972395475301
DDX18	-0.063668408640464	0.0666837709285432	0.0615818446669919
NCOA4	-0.154961465024113	-0.143445550798715	0.149021103982346
CSNK2A2	0.0303261683801764	0.0313705726407546	-0.0354277873877145
EIF4B	-0.172617653558893	0.165727029746255	-0.0597008474488305
TPR	-0.3047361445797	0.116420814076911	0.0253603822151759
CSE1L	-0.254065565802133	0.237716791685345	-0.0560001310343886
SMARCA1	0.00566031347528865	0.0329003566266732	-0.148199855839503
SLC6A2	0.758674311837834	0.328729945067567	1.23409343373347
RPS19	-0.213939643906245	0.472043621981781	-0.401198163729034
TM9SF4	-0.135055910653334	0.0926551731940514	-0.00139824625443497
NET1	-0.221038548540656	0.0225120696370799	0.0996486998011029
SLC6A5	0.00762653213885061	0.0100423574528722	0.0102215219660639
TIAL1	-0.0900386315621672	0.0380127598327673	-0.055132573786863
CHKA	-0.463475214245959	0.286261291859174	-0.132316568232492
HMGCR	-0.355496506345642	-0.00391991604500406	0.0993045431519661
ADD3	-0.174354885564044	0.238564660396872	-0.142868140550661
BRD3	-0.202199349933511	0.108297908512219	0.010829161330548
PEG3	0.346666645673204	0.792955718825905	0.369085405083554
ERBB3	-0.319799423353962	0.000150361396261972	0.0191569731125938
BTG3	-0.281705667254542	0.0738084883706113	-0.0653572089956689
ATP2B2	-0.0614426254095231	-0.609069246762665	-0.15592314916411
RAB4A	-0.0447894967305387	-0.113080810184239	0.125082184091492
IDI1	-0.220995725578263	-0.0315903463679598	0.278082892552412
ABCB10	-0.126993565395138	-0.108670242839819	0.167450517122321
PPARG	-0.169119960253244	0.212895758122786	-0.15189687561124
TP53BP2	-0.155379676873683	-0.100092181083904	0.0414059192969669
CXADR	-0.384769409402564	-0.129650719873122	0.297431945180049
PLXNB1	-0.15093289489523	0.00175265060145077	-0.173445696293892
CASC3	-0.215721753145173	0.0150824657933866	0.0638006112042157
CPD	0.0211541277149498	0.333313923226132	-0.215893465641483
ATF2	-0.3211751155258	-0.0821358158849106	0.181533672387471
ATP2B1	-0.146076514584705	0.33034749079162	-0.0975837865044875
FLNB	-0.0339639407877926	0.0274090161906167	-0.0284359536605403
RPL24	-0.162740583194276	0.285825021712049	-0.18497132806277
DEK	-0.570186596064882	0.284667953343319	0.228740312226549
DDX1	-0.104180068606722	0.103799010132874	0.081829337524996
BCAM	-0.0749269118209092	0.224932464968031	-0.457012924942672
CSNK2A1	-0.103140452286889	0.351340921962549	-0.0450559502405374
RPL31	-0.190800105531166	0.201498398873116	-0.271130953468555
RBM39	-0.217900045492674	0.0863422105282763	-0.0759881817496338
BCLAF1	-0.0310360247581526	0.107447171491752	0.0257805529081015
MEST	-0.159886431634369	0.207165916726892	-0.231859199702599
TIA1	-0.30417560878891	0.122874843136775	0.029021973043207
GTF3C2	-0.146481264906717	0.224400594740878	-0.00252288109692145
TBCE	-0.206141436560483	-0.0692495060072282	-0.041811409829225
KLF3	-0.0409515808294557	0.00481782990902322	0.131736267770013
H1F0	-0.355940188466355	-0.172559324537879	0.118782156268997
SEPHS1	-0.125270822538539	0.127016174225369	0.0813301725354029
CD46	-0.197432899580175	-0.0035879215044315	0.0454132752748518
NUP153	-0.35736308995203	0.0254218419229364	0.156160876794545
POFUT1	-0.287988399415737	-0.133231792317955	0.150142836878498
RPL27	-0.502195303480187	0.272463949940273	-0.322626455644339
CDK6	-0.153060567534906	-0.0416498508966932	-0.0593048207212196
RPS25	-0.434448005812826	0.0848515822550427	-0.179273629468763
NR2C1	-0.298007608005208	-0.0538777377009908	0.0190994339171356
CLK2	-0.276584256524633	0.0820647093441492	-0.0455991522074031
ITIH2	-0.220642006027257	-0.588516796410907	0.0365929803742344
PPP2R1A	0.0632438938520105	0.322788198214373	-0.219370075079076
FGFR4	-0.203249974731914	0.206454781657467	-0.501381814577731
EP300	-0.301669384078422	-0.0678029134593021	0.100375598128198
PHKA2	0.0376200389932159	0.071876370337908	-0.142868054204715
RPS27	-0.687196940369006	-0.232639609077362	-0.66105074578216
PTOV1	-0.114617111836547	0.197647794134933	-0.118557898423107
PIGC	-0.349111958190059	0.18531004505158	-0.0828001628311899
SREBF2	-0.333316268458136	0.111656295671822	-0.076517107500064
GBF1	-0.162040628722798	-0.046836623353919	-0.0494013391193576
ACP1	-0.153296840863198	0.0935867697065412	0.0789640789955323
SNTB1	-0.099394455315868	-0.265691075215596	-0.0114544583176676
NT5E	0.110481152180327	-0.03881498073989	-0.237473905596804
IGF2R	-0.0580147635378653	0.047251527450069	0.0808182940248753
PNN	-0.263059255842229	-0.0312944171525777	0.00826902149944243
HELZ	-0.283615119619172	-0.0471394765916948	0.169957017969159
SUMO1	-0.0386627196945619	0.039768403489821	0.0101482733050047
PRDX3	-0.0653634826209363	-0.220405408638956	0.046454884339768
SUZ12	-0.439889026225487	0.143146115397768	0.137103500034721
ATM	-0.130786539345057	0.0210714498168446	0.0662302506584076
CTNNB1	-0.252748335549732	-0.0332903380824372	0.0959182255453837
ENPP1	-0.0750485850912343	-0.49119639240569	0.337537377488695
GTF2I	-0.418900504091251	-0.162458687039078	0.168842349815848
CUL4A	-0.0749833513533846	-0.0309225471649679	-0.0144133438705738
ABCD3	-0.0607438861276233	-0.118371766359026	0.199821364827826
NR5A2	-0.100002591306994	-0.229313317656133	-0.122264485840566
ATP5F1	-0.0397979987084314	0.0514419816498361	0.0196088388431867
GNAI1	-0.441940927278118	-0.0358102442511578	0.351541696076677
GCN1L1	-0.146177792350155	0.144615183978089	-0.0378414406774384
TFIP11	0.074120074078909	0.103305562703653	-0.125267865461995
GLYAT	0.315359188691251	-2.70888150701035	1.07334792110997
SERPINC1	-0.352601063549261	-2.45460323730577	0.393164929288081
APOC4	0.12535203836488	-2.33740448602922	0.61636386049915
MTHFD1	0.219053160082512	-0.738368965407659	0.730302729586729
GPT	0.966956092751007	-1.05057124985292	0.509244884114837
HPD	1.10658067832245	-2.83599788660451	0.394747856700164
SERPING1	0.274404390460309	-0.815343595268316	0.250932976521179
PCK1	1.23600234184765	-1.99553200412504	0.645845943114212
HGD	0.678045257112467	-0.853083394852871	0.631461005769891
CYP2C9	0.51568076489512	-1.87499339035947	0.494946041093048
DECR1	0.240975980076772	-0.28250396349307	0.0915999105479976
ALDH6A1	0.338785563281896	-1.06447826533316	0.812851016312875
CYB5A	-0.112444844714007	-0.815516514205664	0.52024479568761
AZGP1	0.274560916968987	-1.30542555487472	0.882612305297568
C1S	0.335074421624161	-0.555796327050472	0.409335638642681
SOD1	0.14160279269656	-0.526883541389072	0.409202999698666
CES1	0.126936284381471	-1.21756835828485	0.501062766852298
F11	0.240495716343299	-1.01650475117649	0.539145159116929
CPB2	0.0749969367134849	-0.960626255766313	0.521023400407986
PCK2	0.0650618867239642	-1.13546240840179	0.647554005154276
PON3	0.314898108916524	-0.847286753506717	0.406101041816763
APCS	0.551304230299927	-1.15877105297394	-0.0221394750147707
PCCB	0.228977413041785	-0.371438112112706	0.216262678747977
ITIH4	0.544316652468947	-1.19233409117132	0.489334982132987
ALDOB	0.455700676132183	-1.77293111823308	0.408995461246028
ACAA2	0.0981556730603525	-0.408855544385107	0.517118161418846
C4BPA	0.587674219511223	-1.13323723658572	0.233459947038964
SULT2A1	-0.0996639112814727	-1.91609640589227	0.601953162534414
CYP27A1	-0.022327286440555	-1.0451569233024	0.0389955452044159
ACSL1	0.157821927593674	-0.882797811882124	0.619423707183493
CTH	0.887675810873036	-1.17274809263108	0.976161146700295
VSIG2	1.07546818497958	0.222316749735313	0.947907201096626
C8B	0.449465781793471	-1.00544412699974	0.178394502841137
SELENBP1	0.0568427520999424	-0.908035085347366	0.716300987328659
ABCB4	0.152943232641177	-1.53058743690387	0.811177727725274
CAT	-0.160119421445406	-0.59049629938118	0.522685359578887
ZNF160	-0.265239593842729	0.0585291620055676	-0.093899886226615
C1R	0.432164882155732	-0.447297931715106	0.266000109110473
ACO1	0.241555169319051	-0.323774183797902	0.360568807759418
PCCA	0.217539585472163	-0.398774785392279	0.15871311801189
ALAS1	0.353396174413504	-0.539712761554478	0.467414338486282
SLC23A1	0.0679158325173382	-0.427679756162296	0.00258496333476531
SLC23A2	0.509677018989553	-0.387737165614217	0.357013731886353
FMO4	-0.116192618740689	-1.04075278670072	0.69145977622405
HSD17B4	-0.112010925286519	-0.511037586984897	0.348805831341496
CBR1	0.0841701907161236	-0.413696318721983	0.461103325272682
MGST2	-0.0308747544474539	-0.286113463199726	0.109659559149301
BDH1	0.220094870193918	-1.31567710817665	0.223420780461502
SBDS	-0.0180857401692254	-0.121829140238962	0.114998133873272
ACY1	0.146442170267834	-0.541595940975682	0.3443062890664
SHMT1	0.391481635489735	-0.943550049357292	0.504509822218505
TST	0.0650550445988072	-0.643285440079057	0.399360690516861
FAH	0.332432454004803	-0.591278345250547	0.163061626162518
RGN	0.189472336991262	-1.07803560387969	0.266870427961989
SERPINA6	-0.0670962049540647	-0.705279423495148	0.0579487915620056
ADH4	0.722304910685219	-2.85467390337622	0.591050203991432
AGXT	0.365443515745281	-1.9306279744524	0.596297713354341
SDS	2.38161939742163	-1.49771600147835	0.586493201761574
FANCA	-0.459777822433227	0.0352230261149523	0.0263265950831317
EPHX1	-0.335869122277513	-1.20805497746584	0.214339844371615
BHMT	0.310296404104994	-1.8287602171644	1.33099391662597
BTD	0.132411923426416	-0.443407060212191	0.514319689329286
GOT2	0.395037050776381	-0.381532249274253	0.300767453208559
DAO	-0.294450266806176	-1.58048762377752	0.712963122774854
MUT	0.0953595333742466	-0.449656189782703	0.505997590881811
ALDH2	0.282162694795504	-0.742831203222034	0.6597132633318
CYP2J2	-0.0362611692406136	-0.904450775350915	0.337100824239586
ECHS1	0.254057427204988	-0.449545950746795	0.247775852352924
FGG	0.459712010618216	-0.74215808567143	-0.0722742956236164
CRYM	0.409445142395865	-0.690490979505929	0.189993082220419
ALDH7A1	-0.0464580766124727	-0.659744117590752	0.312923250363665
ADH6	0.317524048160688	-1.1524743010674	0.401024785024325
SDC1	0.190649107047638	-0.384880659255283	0.455968252423141
EHHADH	-0.0875141389265566	-1.16231218978322	0.814139762689857
CD81	0.227596348842946	-0.214276785583323	0.256679454180822
PAH	0.122568652633582	-1.26539587671041	0.467890759951334
SLC10A1	0.335915150559425	-2.68215862277941	1.0782252601436
ACOX1	0.154809290868793	-0.461381068129622	0.483757102850462
RNASE4	0.196235763069579	-0.596714886982184	0.301336477470847
ARG1	0.642036154930342	-1.67987700520945	0.0313232758200829
BAAT	0.123855234150937	-0.990175772410151	0.671441713278882
IQGAP2	-0.16606991886883	-0.468617901085881	0.297632886748029
SORL1	0.1363343825889	-0.651964446200214	0.448135532581539
IL32	0.730862898482611	-0.0450201613718174	-0.422551998179706
NNMT	1.69376512429443	-0.137876530357724	-0.572104785467383
TINAGL1	0.353891118851931	0.0480745839268497	-0.108602775456959
HAAO	0.213617177772546	-0.921095456719682	0.449509287243079
SPAM1	0.011061055980862	0.0161370784316636	0.0217913506283261
NRG1	1.29678718706508	0.297583340213537	0.787318183275517
AQP7	0.269550157868785	-0.804578044123869	0.235994413019682
GJB1	0.0801320923880291	-0.475318623167801	0.087849181205591
ITIH1	-0.11128821716561	-1.37669042956191	0.227140031520942
SEPP1	-0.304243630305333	-0.837676643895097	0.704489290487874
PLGLB2	0.54242168588121	-0.701354023230583	-0.1770561396095
GHR	0.442756887783347	-0.798670211419823	0.607364085277883
GSTO1	0.0858146428537721	-0.251639266829193	-0.0714197581589576
CYP21A2	0.614051365037135	-0.117613539788274	-0.316168140680299
IGF1	0.346676755024928	-0.838082307892552	0.515983635324136
SLC16A2	-0.0405715035019695	-0.871408559222054	0.402212037660829
ATOX1	0.0563494271796007	-0.30285117523198	0.123705194989925
HRG	0.237359383152567	-2.27779464074705	-0.0182165164469603
FGB	0.387372736620668	-0.915974105944672	-0.312030266323828
ALDH4A1	0.458770228927495	-0.587653299797521	0.168197812844232
F5	-0.225184005714533	-0.730028939752152	0.393426161795281
SLC9A3R2	0.22167014413394	-0.363060406171854	0.0859035389819244
COL18A1	0.0874444313083101	-0.491492275662643	0.14692473327853
PLG	0.247280614883108	-1.52899294088778	0.735636099708698
RARRES2	-0.103664600275379	-0.88910582796674	-0.0434334895422676
LPIN2	0.19443640945533	-0.280357079657432	0.223580080721234
HRSP12	0.616775497678296	-0.902946816723303	0.326309809241176
CPS1	0.680064473905028	-2.58303186260732	0.32571038574747
RHOB	0.256469346019622	-0.517214721707395	0.403329695210515
QDPR	0.338283503922079	-0.669397729506439	0.372489514300591
PDK4	0.120963562774322	-0.893468721573026	1.10477420433404
ALDH1A1	0.140758526203805	-0.647982000514753	0.383626720205727
SLC2A2	-0.284139833759326	-1.64254611094338	0.398083177265743
IL13RA1	0.0814926048224293	-0.146100060602359	0.300566251845966
TOB1	-0.0259053867500464	-0.5625131426791	0.575843924732497
PIK3R1	-0.205332560694693	-0.467334898931475	0.414269489403579
MAOA	-0.135628593018185	-0.499916439495672	0.278980340369196
ITIH3	0.110630933931939	-1.1099478198407	0.354399748656012
DNASE1L3	1.0596825042939	-0.85215661780561	0.410603736567996
PGRMC1	-0.133151327391178	-0.572762742083784	0.504118044274154
CRABP1	0.268484240926517	0.254162305881567	0.125082032949098
RBP5	0.295911685418921	-1.19320717232229	0.432898689617432
MAOB	-0.108449782487789	-0.637193182510855	0.30226809532372
CFB	0.0641030745234532	-0.720048501335178	0.137519667288738
CYP3A7	0.288872462784548	-0.417726789044914	-0.0637978895200813
AGL	-0.0534155986433527	-0.367111683918807	0.627415902781575
CD302	0.250678649718752	-0.651934937225681	0.268323263639278
APOC2	0.155550957769236	-0.931188517105444	-0.0290252005375375
CRYAA	0.150403398952856	-1.61037123542401	0.762309681021838
SHB	0.13753535038818	-0.230124109562021	0.0181717491541478
ASGR2	0.287751971364554	-0.632140122658044	-0.14027476106473
GCKR	0.344365038514736	-0.8247962810457	0.395708376865424
GSTA2	0.547598634174268	-1.49503239586128	1.11534608225962
LCAT	0.777344236019498	-0.93773188186772	0.0906241366360183
GPX3	0.804968340203719	-0.595387805486442	0.0883755206370381
TCEA2	0.534229330829914	-0.418734144004151	0.460759651720411
ACADM	0.0743861676976446	-0.464078582390142	0.512767216809985
BLVRB	0.194710896086143	-0.336552025545111	0.205998123681476
TDO2	0.412817625177838	-1.29379255029245	-0.326864826752656
NDUFV2	0.069083492374339	-0.00353736121618189	-0.0711904992454196
KNG1	-0.248765608162543	-1.59546842186539	0.56099864383385
KCNJ8	0.11587762973463	-0.896149951234717	0.776821393528037
CA2	0.421624540826985	-0.401616318030313	0.213033070463689
NFIC	-0.290140243070262	-0.681094262990821	0.39250467342266
CECR1	0.207486641986298	0.186296266872599	-0.144636891382351
GSTZ1	0.307372356675539	-0.56611803086365	0.671159402309128
CPA3	0.501326137824582	0.199050123990363	0.242968694854742
ITPR2	-0.174619821894638	-0.594842999167791	0.398297472905516
ALDH1B1	0.174451501361614	-0.294697274108706	0.279128037842947
SDHB	0.168028529832612	-0.298753629487067	0.194387495175506
BLOC1S1	0.0275849995970199	-0.0147730045762955	0.0347065684415094
BPHL	0.0730134348787142	-0.463353137340855	0.30867702332008
C4A	0.0727666972654179	-0.491104816427929	-0.1048895435978
ABCC6	-0.0205081617469552	-0.676775194350163	0.251514121968224
ADK	-0.0144328946720889	-0.427544331085055	0.2117116674971
SLC6A1	-0.3530393440453	-1.19829172735288	0.663136538689513
AMFR	0.116700263680623	-0.195238158798275	0.124238354946097
ALPL	0.917904221015375	-0.772523721298908	0.287597539053552
PROS1	-0.0295997783751549	-0.507258100563765	0.268577119725484
MTHFS	0.162258068159524	-0.425278257016706	0.282281662583959
ABHD2	0.0983193154776032	-0.344303656516721	0.418977872495525
ASCL1	0.228179180204764	0.174614117968391	1.3018363573146
ACADSB	0.189509621293787	-0.80959121805895	0.306217357603601
GCH1	0.746497662258446	-0.321896578135854	0.185510351771815
ARSA	0.155699983044179	-0.319861297554931	0.157407705197037
ICAM3	0.372711069780743	-0.214346348860462	0.110813634538735
TMOD1	0.4351649759942	-0.455107453149861	0.401961378133772
IL6R	-0.243192857187656	-0.679541457795364	0.678833065890891
HMOX2	0.339655719119185	-0.100847280602209	-0.0108867368973577
CP	0.154976810875965	-0.789474073668119	0.108038213415993
EPAS1	0.174906065077304	-0.145108659274967	-0.00939124530344443
APOH	-0.166017662252087	-1.19743298112523	0.00756112260687923
MAPRE3	0.163886313975174	-0.316659361324603	0.0814285228380991
ETS2	0.394118225839705	-0.217157861308676	0.119493007435488
SLC35D1	0.150365636078501	-0.463484808359297	0.419407415105896
PLCG2	0.464639436557985	-0.441963051766647	0.245002216339925
ALDH3A2	0.195976142513794	-0.364923437546938	0.150454622049869
AMT	-0.204632155837239	-0.523422251213612	0.108919717315543
CYFIP2	0.260379361182493	-0.00689127144719974	0.154869928754863
EMP2	0.0165820305773416	-0.254381029826683	0.129633215631095
INSR	0.135831293709393	-0.248079343344739	0.169417633431738
TPMT	0.0328536120794276	-0.337196007100179	0.283748344975036
EGFR	0.119178267824763	-0.23334511035686	0.377105733274827
FH	0.114444666011808	-0.332053790421713	0.209630059341747
ASGR1	0.131304191543543	-0.726840005916882	0.111346206985574
CXCL2	0.802172910217052	-0.322234074041893	-0.0614193401960364
PTS	0.400356836986038	-0.147926578074039	0.0525955699911725
CPA4	0.179393119349178	0.213771746761627	0.0650064875688798
ASL	0.573233245391992	-0.545923921510288	0.192582559135461
FKBP2	0.0119203860401508	-0.0946924547202465	-0.0301849678940214
PGM1	0.0299732687317063	-0.419829455981127	0.348237576968092
MME	0.413968774658101	0.00242001906966589	2.34591404556485
SMARCA2	0.0541009983390865	-0.288898020765528	0.258564469841735
F2	-0.027521235353405	-1.06169686671146	0.261548917412449
CD14	0.621651876430515	-0.77842375011282	0.419898700938645
MYLK	0.0971536983843685	-0.566212778600159	0.464541984841105
SOAT1	-0.0275957680447314	0.314431945938766	-0.135815862260411
NFIB	0.0100325159660867	-0.313966539074788	0.134774805236414
PLA2G2A	2.99467520008054	0.130311847526425	-0.421175652674825
AKR1C1	0.469653251579321	-0.280971458697438	-0.0450918798971869
SLC6A12	0.251689309074906	-1.14418030035378	0.347994776254053
ACADS	0.453115475387753	-0.382875657951648	0.186222910507683
POLD4	0.171136086118236	-0.0554908093610582	-0.0697590847878977
ACOX2	-0.0373007989221308	-1.09538126215517	0.52308558659506
SLC7A2	0.580351068513775	-0.454556927359374	0.415818309487572
COX5B	-0.029697900316601	0.015696759036999	0.0333099308284396
APOA1	-0.165714541770968	-1.26364763059239	-0.43006442839102
EDNRB	0.492242409966514	-0.410929283783195	0.173452643121201
SOD2	0.734866119124812	0.0871053626029016	-0.173880510786383
TGFBR3	0.20483193494613	-0.605860787642771	0.566530230264095
SREBF1	0.198653846767879	0.159702132003674	-0.269058285623936
ACADVL	0.202218791830826	-0.124350511275843	-0.0461277507490254
PPP2R1B	0.498895685096411	-0.293526689817995	0.0505406379962372
SLCO2A1	0.821911823921655	-0.631980791835092	-0.0481707508390087
PNPLA4	0.108095748258558	-0.303951580929605	0.190684576629283
CGREF1	0.190404968547259	0.0743101693031106	-0.10336934231666
FLT4	0.517007113833777	-0.244147042676394	0.00455916307793795
CFH	0.33874364010294	-0.544776981681264	0.175822599980665
GCHFR	0.194360766631515	-0.403954513171507	0.187227348859667
IFIT1	0.213596042400148	-0.648441924295395	0.356035020363398
ARHGEF12	0.00755128563424117	-0.217720963079725	0.151609637567958
IDH2	0.250524122983781	-0.0280495142965061	-0.031180452793542
CSTB	-0.0885970196211686	0.219262334983191	-0.157126762026616
CNGA1	0.592407397428542	-0.497897374129125	0.393963386729449
SPARCL1	0.235374152862528	-0.322352671521101	0.838969859718886
GGH	-0.112033938167496	-0.176586165593589	0.171372960894459
SLPI	0.143000477204165	-0.443921869653687	-0.89210937422444
KLKB1	0.323267460007157	-0.847708253005537	0.619320235817499
IMPA1	-0.0209685588083283	-0.147387068288874	0.120950443140717
ATP5J	0.0660162928165079	-0.138288648079045	0.0893642064689045
FXR2	0.13753707291987	-0.0249688200820935	0.0193224839104064
HMGCS2	0.0941492685572489	-1.22527691104038	0.424554207017781
NFKBIA	-0.0208126703513948	-0.244274164229023	0.170430897540135
MYO1E	0.378118357744648	-0.0388573058847467	-0.0928500792875847
KMO	1.10762014647859	-0.877860526067448	0.0446049143766045
TJP2	-0.0578879952171328	-0.158902580074346	-0.00582531479897401
DRG2	0.0939491204649369	-0.0858518643122103	-0.0962722159173592
PKLR	-0.59803535586988	-1.11309860980772	0.397943972039572
SRD5A1	0.225279764355707	-0.646925391067936	0.610821206031084
CTSO	0.106550600308053	-0.501446895291169	0.331051010207837
SERPINA3	0.252460480957151	-0.542371306858098	-0.471863904076158
ANXA6	0.0617479362546374	-0.501020908708969	0.327372714221201
ATP5D	0.298759651657752	-0.0895639671466294	0.0326201550253126
IDH3A	0.085277974807403	0.026508917386463	0.0812892083724164
GPX2	0.770788128721672	0.160176177095843	-1.27927732034114
LPIN1	0.0353270659021806	-0.27472507216414	0.448309801769854
ISG15	0.666030355978542	0.0478685128335816	-0.13447407570654
