	Proximal Inflammatory	Proximal Proliferative	TRU
CYP4B1	-1.29044717548321	-0.275128841686252	1.76748666200865
TOP2A	0.417887952905404	0.288595100877201	-1.1103479865508
MTHFD2	0.214860185811155	0.577952022897597	-0.601537964973974
CCNB1	0.445822246936501	0.490886715354961	-0.962764277233019
RRM2	0.463231138033136	0.279700539976921	-1.0057674620169
PRC1	0.269014382327923	0.436803930605117	-0.894579526992552
ASPM	0.374418066092249	0.395646737038302	-0.932176201024328
SFTPC	-2.00471497620323	-2.23429772932096	1.26770170478215
CTSH	-0.22043246819557	-0.462359186657201	1.1337287261207
MAD2L1	0.503177457291374	0.432192754293525	-0.820706425630584
CEP55	0.539489575579146	0.339902643035791	-1.11214542720106
ZWINT	0.226739521988106	0.338183509224342	-0.860382736452005
MELK	0.469823636167963	0.225996918804958	-1.21043869812585
ECT2	0.25873649273087	0.607965668792648	-0.553473301536815
ADH1B	-0.888223614066525	-0.732841424619293	1.51007344335258
BUB1B	0.35668139355234	0.423506472756178	-0.919568150509965
HSD17B6	-0.176513392298598	-0.27872642815478	1.40794217848845
RNASE1	-0.194136931633372	-0.62732335114421	1.15172918385918
RACGAP1	0.380173812525121	0.479986514876966	-0.637598037020205
CKS2	0.295381347509354	0.266077910318002	-0.543854055226613
PLOD2	0.463528576920048	0.0485735795429063	-0.801912173183328
GPR116	-0.256585405199842	-0.688316529117063	1.01849584380609
SFTPD	-1.35458002667326	-0.721153012102066	1.17050844011561
MLF1IP	0.456350387096919	0.277476841384663	-0.649285970409816
SCGB1A1	-0.860632958544696	-1.1543378643384	1.9296840351886
CDKN3	0.535864517895353	0.512294166474035	-1.11632124682261
MCM6	0.394687914636173	0.0864651757546697	-0.531383498228924
TPX2	0.446498135028585	0.205181849280895	-1.3130017743601
FOLR1	-1.24744940325432	-0.60982880928445	1.23504266266334
GGH	0.422637795775269	0.450985600797107	-0.780012648102102
KIF4A	0.471884437954646	0.368750807688485	-1.01733219101111
PBK	0.267802887682678	0.950714734034979	-0.886954083317353
PAICS	0.214568981261028	0.323901663550599	-0.315457740482699
UBE2S	0.274814991465947	0.259802211305126	-0.804863722741536
SELENBP1	-1.01568036042768	-0.267847299220083	0.771717314781743
PIGR	-0.92102673159852	-0.972495585333362	1.767367734233
TMPRSS2	-0.533619845333946	-0.522727666035819	0.923157991266818
CDC20	0.5688714659957	0.24826297941445	-1.13615826063687
FIGF	-0.252565423574405	0.0158389035927042	1.26115734018708
TYMS	0.416307897107915	0.162439164761085	-0.687806943090378
MFAP4	-0.349562725083436	-0.832763306977302	0.796722767263666
CCNB2	0.384726923371873	0.3808376458379	-1.07024410651188
TRIP13	0.537071168327639	0.137996177987263	-1.00601796167559
SCTR	-0.711249175845086	-0.717767931809016	1.5789382598536
GCH1	0.0720091431836127	0.482392762546306	-0.323108762234331
FMO2	-0.025719902481945	-0.366351426387864	0.484867232070135
AQP1	0.308589184317852	-0.604430189685106	1.23102138512376
PSMD14	0.115800697440752	0.381597735725018	-0.198628754161596
DSP	-0.189185002786241	0.230414505846913	-0.674397357817895
CACNA2D2	-1.39311694586646	0.199654298009235	1.29159286161105
C7	-0.556675515344134	-0.744087723054514	1.129118061774
CRYM	-0.769899628471758	0.109740532265255	1.34947176314838
PLLP	-0.249760359850093	-0.530292890083667	1.00115059569605
RFC4	0.285948563370513	0.19532277486746	-0.57016672213889
SLC34A2	-0.441743550831979	-1.56859933247864	0.82912547545109
TPPP3	-0.371442555787756	-0.118440393514066	0.876969628691525
GREM1	0.991331103128797	-0.234318520036874	-0.991040408248259
C4BPA	-1.3579168441135	-0.069023554949153	1.1856633764621
MRPL42	0.0918301571465454	0.49871536860787	-0.194654214928639
DTL	0.354718116238061	0.242695137467692	-0.65695427889832
CEBPA	-0.348599867517214	-0.275886326324875	0.683770500591662
UCK2	0.0167488273858245	0.645169774612942	-0.835797549321449
HLA-DMA	-0.124586909760664	-1.02281086109588	0.508354387941986
SULF1	0.653441653933195	-0.161648100563399	-0.760575405176591
HSPD1	0.0251095774825811	0.482718282086471	-0.27612545254977
PFN2	-0.0735466164155928	0.75076646083904	-0.969752462288806
HMGB2	0.293841885243968	0.109192629527453	-0.374932404325365
GINS1	0.399266316501517	0.463453905696085	-0.673552418978235
SLC7A5	-0.112807142540941	0.310044823602588	-0.493543614437754
KPNA2	0.404436295427006	0.151456493624271	-0.802466788108135
CFD	-0.233615954046743	-0.465644373334132	0.320072188969887
CYP24A1	0.206865679653373	1.7112668515921	-0.813457133349924
HLA-DQB1	0.0235950254529471	-1.21357947048837	0.451199815561409
UBE2C	0.552012947599702	0.0618650654592599	-1.55314387164308
CENPF	0.300551568419379	0.361937977299779	-0.937958540373617
TDG	0.0440110865708477	0.551773744885154	-0.267519364325036
PTGDS	-0.432810197890511	-0.892041619336163	0.528000244513178
NCAPG2	0.287028839828105	0.182813358553631	-0.753740802931165
NUSAP1	0.350062091657719	0.32200940821522	-0.800714471286836
MGP	-0.278836281247662	-0.566651076639676	0.81433690031071
RAN	0.139768969397097	0.40199903000138	-0.343431744125021
TARS	0.255443932907712	0.167916678183002	-0.340306384973875
CKS1B	0.305937179323102	0.364387796480097	-0.479539744977231
PCNA	0.177356316425256	0.262326479051774	-0.291244327251621
H2AFZ	0.241225034302307	0.222869652765373	-0.404188943841005
SNRPD1	0.112122188736231	0.355087043806146	-0.272379932413388
WDR12	0.145729079712986	0.468795702802114	-0.315974037985412
FCGBP	0.441254821549754	-0.668554607819857	1.16623489932573
FOXM1	0.320765841195831	0.376401966785587	-1.24570167880387
HLA-DPB1	0.0167700568391107	-1.34374939811183	0.461080964624973
KIF11	0.38379441732336	0.476847950384595	-0.791656851829087
XPOT	0.142565870654095	0.402553508528003	-0.290186051540476
DNAJC10	-0.036696908143954	0.542995713651585	-0.185120138752285
CLEC3B	-0.572788498148843	0.0862940189449514	0.659973342625529
DNAJC9	0.252771073436078	0.232963849101356	-0.335341870329348
EZH2	0.148076567740961	0.0688939122204143	-0.830145971235494
KIF14	0.325973987105629	0.413644057473972	-0.579067702520329
CLDN18	-0.673301057259979	-0.288908369992797	1.65641375822638
GTPBP4	0.00733318241001325	0.349199314634232	-0.314548380568406
RAD51AP1	0.590079687568199	0.504189253717797	-0.705329918940487
SLC27A3	-0.091727393584545	-0.304555902238728	0.466655405564998
CCNA2	0.59650278509769	0.465075460925055	-0.889575063234259
EMP2	-0.0935027403403496	-0.225452490334739	0.58442969345883
MGLL	-0.261380221053547	-0.63876953129983	0.542591368593772
MRPL13	0.276485952146837	0.278722720453664	-0.185303366312116
ABCA3	-0.856935862670333	-0.482575561490731	0.854152948742168
MMP12	0.846022771266928	0.271885345694285	-0.939349934394148
TPRKB	0.124112768751859	0.312192096509342	-0.178334881072094
HLTF	0.226879847269627	0.226206618700066	-0.294775815950662
TTK	0.60655757375681	0.460546454750197	-0.870734749212104
CYP2B7P1	-0.965873426997376	-0.0407509109913905	0.99508509340135
CAPN3	-0.709968257374257	-0.588980388215277	0.329093223888409
HSPE1	0.0300330065615886	0.411229417022683	-0.263044729439411
LTBP2	7.73069106813216e-05	-0.672793555319922	0.494306256244179
GNL3	-0.0116899466920776	0.279521689974411	-0.198021256094084
RRAD	0.160838528187759	-1.18118386623639	0.573340759708383
BZW1	0.240148128514085	0.29966636820259	-0.118635545567726
HAT1	0.195272176555676	0.155364995529138	-0.10066677604669
PFKP	0.15944085834129	0.118630179737633	-0.775388317770338
DUSP4	-0.276009365739958	1.4274252278041	-0.30967574235154
KIF20A	0.399252748744769	0.347177877956725	-0.823676290641033
GCLM	0.294953811716753	0.803220080050156	-0.197753023076046
KCNJ15	-0.307022963641602	-0.233644611881892	0.960918020017394
POSTN	0.596715147822269	-0.237101346345345	-0.622728025378981
TXNRD1	0.177067393929363	1.21250025926471	-0.354815578048117
EEF1E1	-0.0603943031627926	0.40187643977283	-0.157533339488729
COL11A1	1.41004545340457	-0.0520116179265616	-0.733501999699636
CX3CR1	0.334695933896013	-0.211131289624541	0.923678334554428
FKBP3	0.0436852960615321	0.398178971200356	-0.232766328656011
NUP155	0.524924441867067	0.253311743688865	-0.308939851087445
GOLT1B	0.439702891048696	0.245305473221431	-0.150373953269499
YES1	0.106556095136015	0.23641103759652	-0.152798145632412
FXYD1	-0.389843249955586	-0.633639559572286	1.00382057296915
HLA-DRB1	0.193779644637949	-1.27244692317536	0.524193142590766
NUP37	0.216348611475297	0.367191650912789	-0.246512939473092
SNRPG	0.227248927550885	0.40776545313684	-0.112201246244989
HOXD1	0.266543556850964	-0.519619049219623	1.29338805038154
DMBT1	-0.883056186098589	-1.03477831833826	1.32386434597592
OLA1	0.197044000911284	0.326875298586556	-0.0977294115378155
FOXA2	-0.745926888030838	-0.304364411364955	0.683638218119886
AUTS2	-0.219207064360858	-0.589047931680717	0.526215731024274
VCAN	0.595435348179015	-0.0352774743857223	-0.581571309893565
ZC3H15	0.120687276311991	0.296784919154887	-0.154150609642153
DBF4	0.48157684371868	0.263936924472635	-0.395334066677489
MSH2	0.237095266016733	0.268663883300859	-0.181767206433382
MEMO1	0.134721625108441	0.318586603404228	-0.230195054334123
NRAS	0.355797546500119	0.190527949274314	-0.0906694353053649
NME1	0.266266414619919	0.26082383520865	-0.441908156442096
FBLN5	-0.19128266175904	-0.189841058674996	0.58843512007833
CBX7	-0.313512217130202	-0.458348658384966	0.490046376594964
HBA2	-0.122527712917561	-0.0852237362068355	0.533316761576367
STEAP1	0.771952244489756	-0.23309975656732	-0.682798111440511
DARC	-0.454002541032369	-0.579201326731051	0.789629460059075
MRPL15	0.288876625502415	0.395076205412511	-0.224031909854135
TOPBP1	0.245265429517075	0.267350105195916	-0.335248393610663
DNM1L	0.0863037240989534	0.258401440610742	-0.151150842922649
LEPREL1	-0.0766406755724041	0.0176621427932425	0.783897288542233
IARS	0.0975332329030264	0.13180129992308	-0.148122494423148
KIAA0101	0.295298798352505	0.532606175699076	-0.78313470214126
HMGB3	-0.242362221647405	0.84105557921278	-0.581017981406975
KIF2A	0.227457656748104	0.013863993529902	-0.157631564558569
PUS7	0.2067208456503	0.248806441028004	-0.289059335364196
CSE1L	0.222039824149296	0.287703658079382	-0.314993237842134
SEC23A	0.534151994980514	0.0845369072886674	-0.228961449321941
HLA-DPA1	0.157920386942828	-1.28515293651906	0.479765232659364
IL8	0.871204447166338	0.140378507105252	-0.537247304091092
CLU	-0.732566535238295	-0.0431470675823161	0.634463148807158
A2M	-0.322729571490907	-0.489228694418465	0.511835672233063
UBE2V2	0.141514577347261	0.281750546825156	-0.253724155838989
ABCE1	0.273942689606405	0.204969784944413	-0.092153142381179
LRPPRC	0.0601724711426671	0.313940746261886	-0.122954146190434
FBP1	-0.242560185716982	-0.515810849113747	0.413570155395491
PTS	0.0236009206748345	0.356305638216983	-0.217387893997389
TXNIP	-0.0639965264755034	-0.683789268510904	0.450678533078172
SYNPO	0.018512226858132	-0.674003002031356	0.375609716801505
SLC39A14	0.184806736558499	0.233778918118025	-0.245246247115495
MRPL3	0.108566049771849	0.226387419038535	-0.152491946924427
FANCI	0.176275627402467	0.410096667516204	-0.659410907578774
NDUFS1	0.00680651753015598	0.482735726247764	-0.05777592954932
VRK1	0.244744907275915	0.435397384698435	-0.320361705429052
CPA3	0.231805009044605	-0.899653966197216	0.818461491183692
HMMR	0.565232725106948	0.507058076247071	-0.835009760646714
AGPS	0.240150366151551	0.217195977269789	-0.0302948736719139
COL5A2	0.525112771896798	-0.0594665415940068	-0.51153666349867
AOC3	-0.215132694305953	-0.459337614594443	0.482844453496119
CYCS	0.221031745391949	0.354767398678558	-0.191415654409885
PMAIP1	0.736511856691362	-0.0743929694484455	-0.475801442791978
KNTC1	0.04526598302329	0.173008995962178	-0.760444737304565
NPC2	0.0783438509474762	-0.599529011584342	0.678353814352517
HLF	-0.279180870103638	-0.361173216102964	1.18999604422178
CD1C	0.408732436373786	-0.378539763904684	0.988020913432066
TSPAN4	0.0142001915714336	-0.714760189513822	0.24572999011983
GTF3C3	0.125987141804456	0.26465009394191	-0.132279779843118
SLC39A6	0.050469802686337	0.391356282117263	-0.149212009049504
LAMP3	-0.496793398630911	-0.256371966451432	0.873756320557257
PRKDC	0.189090249078024	0.267544234310049	-0.268314068952159
VIPR1	-0.582827600083212	-0.301898349637107	0.65268091683759
CHORDC1	0.0654168485172626	0.295138546159613	-0.38253958369473
VRK2	0.250070272033777	0.119507760601687	-0.210014543092628
ODC1	-0.22309078839596	1.69672780163319	0.171585517376853
CD74	0.181034795418041	-1.42467490188644	0.601696209457548
HLA-DRA	0.220834997332191	-1.37912047804454	0.299692149913567
HLA-DMB	0.197566506410158	-1.08615879823551	0.368610900651739
FGL1	0.169224849829819	3.81358321087638	0.058353246004909
CD52	0.0462791082266587	-0.872055790599489	0.349895344608404
TYROBP	0.319168314060846	-0.964574933891749	0.0603167833111741
ITGB2	0.304125229011024	-1.33035883870007	0.104278351537554
FXYD5	0.244945797712373	-1.02572035447958	0.141387453575844
COLEC12	0.100506955061195	-0.847022604419123	0.66085721553877
CD37	-0.0157014892900811	-1.01669304664293	0.240006208902871
EMP3	0.309825015597433	-0.709314950305097	-0.074149790578323
TLR2	0.224389337086705	-0.975170218078464	0.667209972850127
PLA2G4A	-0.0086160503633159	1.33233321193913	-0.03274344944491
ALOX5AP	0.585997363519813	-0.900816169336858	0.20138960107709
FGG	-1.41989815033375	2.71288868529788	-0.666331823932005
TPSAB1	0.0387682817977907	-1.05468676553974	0.705504244669472
DNAJC12	-0.44628254406688	1.16828880047579	-0.533446019677941
VIM	0.399043230709197	-0.744181529570453	-0.0513950854341313
AIM1	0.575716613712593	-1.11335845270521	0.119638879790454
HLA-DRB6	0.194733423817752	-1.35336834197224	0.357952043914256
MARCO	-0.0842072344809792	-1.36601841721921	0.104982916418342
HAL	0.13451170725528	1.7031515349018	0.0831807156275866
LY86	0.332482855578627	-0.821323065461864	0.396554427003839
CPE	0.0439111364043073	1.12258463912406	-0.338445611426406
CAV1	0.458353486010228	-0.297336606394052	0.317130415467646
HCK	0.308431546948562	-0.800527036932998	-0.0444413187832211
ITGAM	0.445381897178651	-0.872233632126834	0.107945788442768
DAB2	0.26388930233901	-0.484599437096387	0.178069389627307
KIT	-0.499682447214683	1.48384240115621	0.189127128572561
ARHGDIB	0.0320660068783643	-0.621077555326663	0.342761691042227
CSF1R	0.391234320286569	-0.92850876655988	0.0943071363229245
RNASE6	0.365246149235183	-0.707088200624953	0.222708202864657
CTSO	0.0165058108474573	-0.424972343702509	0.399629272236767
VSIG4	0.426555497324244	-0.870012898696686	0.00792116993382592
RAC2	0.279209298592287	-0.787607986070918	0.0957265040160797
AKR1C2	-0.262461815914128	4.32958715436281	0.499001418902041
NCF2	0.442668797770329	-0.693727311300027	0.0203344415766884
RARRES3	0.0697139004824804	-1.01402438015515	0.413408146681559
S100P	-1.21358712279542	2.168789307956	-0.967875849523215
TREM2	0.527759359279189	-0.883796929698223	0.38191335247397
FLNA	0.0957174154815067	-0.972478601533645	-0.0524448485974421
F13A1	0.67969087707871	-0.635689503079235	0.370995388661564
SLC15A3	0.121480170963979	-0.837686886578366	0.107628388111963
LST1	0.399499088924246	-0.824702648568551	0.254373249408224
CORO1A	0.0953193432617442	-0.799101334229701	0.0381628380025619
CAPG	0.173444817240637	-0.583436667618783	0.0330005080804192
KIAA1598	-0.314517378127772	0.563387720176749	-0.0354133632348376
C1QB	0.34584304449833	-1.08246087839401	-0.24820686364973
CD4	0.210507386990484	-0.737242459382616	0.162394872853605
TGFB1	0.210691599406725	-0.802371193277819	0.0936672619800413
RFK	0.0197988167161624	0.659583480103981	0.0394745876355982
C1QA	0.261162349306387	-1.07543299968017	-0.254701018509267
MNDA	0.465398170404006	-0.869510953085752	0.20902124346676
CD44	0.227225534655714	-0.718242420634554	0.160310844449575
CCT3	0.0813896137170362	0.362430047254004	-0.27515537635432
CCL19	-0.234519946861437	-1.06453223348654	0.487557373204441
IL7R	0.186626777109452	-0.558719284211911	0.182548623217057
TESC	-1.63974466284449	1.37463225539692	0.0286759422130326
LAPTM5	0.283641027562804	-0.854434725188886	-0.0267419463992212
PCP4	0.735329135706411	1.25708882039982	0.360813306776725
AACS	-0.185580946013855	0.341154415248926	-0.153559596964217
NCF4	0.162305761616515	-0.841177180463325	0.0574888912284966
LTB	-0.127644961823663	-0.792003822672027	0.162239906475321
FOLR2	0.338036393084108	-0.791937064740213	0.316015317323671
GMFG	0.206314358679484	-0.56609829101062	0.114670637125795
MYLK	0.168107154775654	-0.346813037733724	0.0716670907607398
MMP7	0.887601715628506	-0.775432057129112	0.6634248098156
CHIT1	0.00442520405175425	-1.1281241215211	0.744363438708809
RASSF2	0.0455865764212077	-0.430821334222981	0.324661913894241
CHL1	-0.305430517144572	1.05737767800724	0.194769615664981
PDLIM2	-0.0156213680269727	-0.442683679284299	0.236616673939231
SEH1L	0.105288386032716	0.311279194928714	-0.0961419275850115
NUPR1	-0.186114508029826	-0.595705725965927	0.250962031486212
ALOX5	0.269640493270437	-0.798778123733063	0.166301338494815
CHD7	-0.0560230288071881	0.356630953991257	-0.337489220416221
CPVL	0.26637254675391	-0.775094178600831	0.189311750909576
TSNAX	-0.0302646783718385	0.523334457138542	0.0657917910123494
BNIP3	-0.0834276114050392	0.355150945800308	-0.292476875015994
DCN	0.16247419045714	-0.636674912171803	0.167074216194448
IRS2	-0.196907029486609	1.14926416313521	0.254730278073117
MS4A6A	0.414027450160079	-0.813466813153278	0.0321412773729254
CD14	0.431093661464224	-0.808497071721087	-0.129925354813431
LGALS9	-0.0132675226832448	-0.919839941527377	0.385925153537614
LPXN	0.305967380961351	-0.5002224862045	0.111559920846833
SERPING1	-0.036758404191463	-0.643903836451865	-0.083131847659067
TGFBI	0.96339053893449	-0.667340337062551	-0.187854002010892
FCGR2A	0.564543465283472	-0.616177606006599	0.193631849601473
CCL13	0.662152189179895	-0.871241074579032	0.30892950448443
CD59	0.242655506092397	-0.314018226974852	0.507725147221099
LMO2	0.182418119173404	-0.154078098419696	0.24419569512726
FCER1G	0.370930769008411	-0.812681530013756	-0.134842856772649
PAPOLA	-0.0444815537828358	0.477331525443935	-0.0753374453394075
GYPC	0.0615951384534941	-0.491072888663156	0.211415178419305
MYL9	0.0757063385673317	-0.486146023373719	-0.0357935418037394
IL2RG	0.043309367302437	-0.556674637128627	0.0903126534870127
IMPA2	-0.434676473571821	0.480784140947021	0.0156911993666432
NCKAP1L	0.270329822321126	-0.755334412043466	0.0595393618890303
HLA-E	-0.0188644789115275	-0.594623257115992	0.245308191438734
PIR	-0.393993536549407	1.0083644172831	-0.101813413403698
GNAI2	0.146720328270735	-0.539437412664395	0.0811019534530726
C3AR1	0.513803398028203	-0.727752411551701	-0.00449429813878195
GAS6	-0.0436929911193192	-0.660901310524381	0.280251396638312
CD83	0.00802782136563101	-0.756374559967375	0.328014898222843
IRF8	0.128933813680793	-0.518228592522882	0.232836362642249
CD48	0.228010868733275	-0.461683662782733	0.408675206592406
SLMO2	0.190095987906615	0.383799301399726	-0.0256268384045004
LCP1	0.224131468589855	-0.567973836171387	0.112417518016204
PAEP	0.94377692716992	2.36844109032923	-0.284349474190038
APOC1	0.100253014439898	-0.737549190367778	0.00516645014267166
CLEC7A	0.361459907512838	-0.840976833649612	0.0472071688416679
LY6E	0.157435085857398	-0.791046702543653	0.340057468826189
CD53	0.249504717796834	-0.759899397264885	-0.00801646460616145
UCHL1	0.288415162251995	1.87938576374731	-0.734081057209718
CCL2	0.480068941666872	-0.578378325279658	0.0702210630891124
LOXL1	0.215246141529998	-0.498950300326013	0.0696605387145127
TNC	0.840078046351094	-1.1530355030679	-0.0462205821796629
PTP4A1	-0.194593407620379	0.613484143349685	0.0417425784941019
DPYD	0.38034678530919	-0.821554827556003	0.302646771574178
GPX2	-0.644544887349917	3.63417841121398	0.628793483150494
SH3BGRL3	0.320867256469657	-0.499240383160699	0.0296164583033902
SRPX	0.298191341982626	-0.163776816963999	0.397291301854797
MUC4	-0.807807873831276	0.529928043418604	-0.4516021471998
AEBP1	0.201208527203502	-0.674780713605014	-0.0411572469749347
LSP1	0.266468011206969	-0.872686619046289	0.194842198924275
CD2	0.224321427621808	-0.507119214424624	0.150905343434497
ACP5	-0.0459046887396505	-0.728795523122716	0.0982489354555979
TRIM22	-0.0435210726815846	-0.766663757062743	0.38985310844241
PMP22	0.109075411353236	-0.409762782039702	0.115925098024442
TNFRSF12A	0.471691772172779	-0.836018961470953	-0.00925654362089757
RGL1	0.213114058319222	-0.454545747012106	0.450235707629186
SLIT2	0.248970857450826	-0.258467413358522	0.409549283342757
PLAU	1.13930709458058	-0.840286843428176	-0.392244551171657
DSE	0.619589355907986	0.00770961662975049	0.03179441000576
SNAI2	0.835604135774824	-0.0463405950873449	-0.225675063241325
GBP1	0.64989559265141	-0.466087039399974	-0.29294635048131
FAP	0.715629049637288	-0.345467571349237	-0.255539894339765
CXCL10	1.00537392603841	-0.393530094312252	-0.358004907285277
PGC	-1.44571763344332	2.05686152738235	2.09386221024234
AIM2	1.40138297918696	-0.253612327506157	-0.0259676085170778
SRPX2	0.883682556710909	-0.375496036942913	-0.23110950523662
LGALS1	0.726728572223663	-0.443421524359468	-0.297347402968369
FSCN1	0.659363430599291	-0.361298943287429	-0.405102780965902
S100A8	0.625489396705346	-0.492570951801216	-0.479597608015369
VCAM1	0.730371921569024	-0.344834409883224	-0.23843995784398
TFF3	-1.22422714831115	1.39478515707471	0.32690831036843
UNC13B	-0.633397568991739	0.29318302611288	0.285607296431891
CD163	0.48546705267025	-0.784133200419801	-0.125315076412257
CXCL9	0.531234961967675	-0.643755020866185	-0.377798918240229
OLFML2B	0.478086605197691	-0.182206306682765	-0.379387315926683
TACC2	-0.49016418448156	1.03999693096695	0.389107977510301
TMEM158	0.776697423185498	0.172680392107781	-0.327891084726463
AQP3	-0.605095664410622	0.0596341275219062	0.867574824752423
CCL8	0.979672875620775	-0.0107553890312157	-0.189009074376224
TUBB6	0.489007200265506	-0.300048175148551	-0.141690065737795
CIT	-0.694722987561119	1.07923602132493	0.733676498688175
TOX3	-1.03075657945862	0.21629619700927	0.245738780993305
SFTPB	-2.42164467194141	0.0151126173089736	0.92624153025796
TDO2	0.578071565890723	0.0990406325661934	-0.424881464677818
PLA2G10	-0.837046694004713	1.06560830255595	1.40174735229571
RAP1GAP	-1.20370776003783	0.177283678743318	0.934651210144571
G0S2	0.507946510462249	-0.671220610619736	-0.161711441680604
TNFAIP6	0.832327081834063	0.0304253028127413	-0.401019916499641
COL6A2	0.280517971753826	-0.80209302940149	-0.428557122117029
BCL2A1	0.500385620379276	-0.574779597750542	-0.17615047706805
RND3	0.522016962062832	-0.52368771443513	-0.276098427850983
CTSK	0.601245767730087	-0.502303353733401	-0.217181512832514
SLC44A4	-0.980708747158922	-0.104699777161939	0.534325882069925
CDH3	0.803713721752976	-1.36000894104233	-0.180320513189477
IFI16	0.434171986751987	-0.569320523373752	-0.123779855859266
MAFB	0.43359176052939	-0.611317782787819	-0.103581835998801
GBP2	0.424306452704229	-0.507687031842186	-0.00860417331465549
S100A2	1.43098326614685	-0.41106714722258	0.0267342617286266
LAMB1	0.249652769195353	-0.169084762660752	-0.302335327334857
MS4A4A	0.471003165362862	-0.62673299051208	0.0958263861950234
TSPAN8	-1.35413959962339	1.18916347796108	0.751519712980178
SPINK1	-0.969108479655526	2.40321391487251	1.2194119526796
CDA	1.27588277605271	-0.355289639643531	-0.0628674775605345
COL5A1	0.328363127210203	-0.372919423930129	-0.390623347183442
MT1X	0.610001075617791	-0.547338778741209	-0.0276779617392543
CCDC109B	0.660378693415706	-0.597897611266085	-0.21345693887688
COL15A1	0.489694477616592	-0.241918652825871	-0.357575191965282
SLAMF8	0.533573196717295	-0.650166833803506	-0.103243420104877
CST6	1.12707024140736	-1.57575726400341	0.0211824576132722
ANXA1	0.557690581644581	-1.02312314614943	-0.0325162454212372
FCGR1A	0.664727616145794	-0.638620111558445	-0.185093009477448
PSMB9	0.480526415476131	-0.445550470898224	-0.0875146386695562
TPM4	0.305503575065956	-0.409441890639861	-0.0758506340356535
COL1A1	0.559181333634116	-0.653718772085596	-0.704611301817835
LCP2	0.375282822773301	-0.550585295578379	0.0236527902650072
SERPINE1	0.577879158133829	-0.365728796701382	-0.289864066700268
GLIPR1	0.615208432196725	-0.475733855924809	0.043407769777033
SAMSN1	0.438366063311766	-0.417884593721723	0.0130520991489691
GPRC5C	-0.805193742399339	0.0790991345636185	0.524083488645901
GZMB	0.537191993132518	0.0217668019097971	-0.645593386218468
MMP9	0.569255136457492	-0.621820675879524	-0.616350308619302
RGS10	0.663604384713972	-0.535859603523075	-0.00921706639983714
CLEC2B	0.680881272260551	-0.2942344694006	0.0627458693582965
MMD	0.638248186212075	-0.219982999222705	-0.424809738245528
FGL2	0.407955913102301	-0.650437170409477	0.299409802958645
TFCP2L1	-0.831604552674439	0.75180105183264	0.341846488972816
APOBEC3G	0.325850197540075	-0.559873899717383	0.0921248565163727
ARNTL2	0.928708519040675	0.150079505741873	-0.524828225281842
GFPT2	0.690685429836068	-0.159126453258949	-0.289760872264727
GJB1	-1.49127656003535	0.725678705913185	1.31874551740065
SNX10	0.451043115445219	-0.384141812471027	-0.135239536092274
ALDH3A2	-0.613408651436528	0.476062441859686	0.292923858487465
NID2	0.557035333722155	0.0804616703770206	-0.372857375740608
CORO1C	0.365863940183243	-0.255688421272161	-0.0798667110669477
TFEC	0.442365550140159	-0.342510450660362	-0.0498497667594505
CCL4	0.611107620186093	-0.409411423525827	-0.290850931461998
EVI2A	0.531639375710833	-0.496682372258442	0.224590230929409
ERBB3	-0.389347657585698	0.288769033418649	0.367749596776031
RAB31	0.525720919650976	-0.19765063363357	-0.0560570111120287
MMP11	1.12722662009429	-0.41236984025857	-0.213180147414753
LRRC15	1.03105558233757	-0.268815331771371	-0.172658832660702
PLAUR	0.473515313423423	-0.587677995531636	-0.294665662980948
KIAA1324	-1.43180657888574	0.982483052070508	0.847953666663644
WIF1	-0.250411833997527	0.969144548213659	1.53799576393516
CCL5	0.31188159799709	-0.485547080934809	0.0172500411230536
MAOA	-0.761169228345931	0.603485063644726	0.697753350426756
ZDHHC11	-0.26787020125698	-0.25036876402047	0.365841730869583
TMEM45A	0.635064668335872	0.100245124428778	-0.163703742472255
SLC16A3	0.439834381559615	-0.513218816588227	-0.491016149568246
MMP1	0.806262850274596	0.0818183065567018	-0.326073976285962
EFNA1	-0.421778615027419	0.0485927596472854	0.114425034815647
FAS	0.633434615045705	-0.728139638184967	0.202555305526942
MT2A	0.662547538140435	-0.878410875712242	-0.301511201054516
SRGN	0.309006530162964	-0.358486467536272	-0.0538439188103007
UBE2L6	0.27169204492962	-0.369611847395749	-0.028280992540868
NKG7	0.343283972156903	-0.24608005240667	-0.218485875800038
THBS2	0.764844107966241	-0.189550566909189	-0.40470072718595
SLC2A3	0.344111885529465	-0.15562108602295	-0.243157053083483
COL3A1	0.549267743143972	-0.366689786020346	-0.640715841500648
SCNN1B	-0.761756045962431	-0.414623551140628	0.793714495100429
CASP4	0.261996442879635	-0.362908322495784	0.114069746460349
CDCP1	0.419094339178215	-0.399190091695618	-0.0885872339661777
MXRA5	0.615603392016413	-0.276298146958008	-0.326541469665749
CLEC4A	0.57278356326772	-0.517305150534779	0.120308516164493
ITGA5	0.507901977247918	-0.256739312310609	-0.366096989702017
SPOCK1	1.18842444769453	0.214024603452139	-0.230466641806506
TOB1	-0.436084082747916	0.3475539429283	0.54464103650767
NEDD4L	-0.339497291336358	0.536753858602176	0.413084262899867
COL1A2	0.469517122970256	-0.35124839354476	-0.538223092159802
IFI35	0.193611718117099	-0.330930605348282	-0.100447870615226
PRSS23	0.509296837109902	-0.104867020495944	-0.236775900608591
CD99	0.209647240959922	0.0928518582348891	-0.24205368999966
ACTN1	0.304948406406578	-0.21395559199458	-0.228875426795174
CCDC90B	0.354668676001388	-0.0999136335042565	-0.11703430571634
GZMA	0.365737689533257	-0.202640977487469	-0.178492178877651
NMI	0.277672975425056	-0.0920811602703961	-0.0282814457984129
CYBB	0.463837336075458	-0.918136353381328	0.0407483355947066
CHST11	0.401608669455791	0.118182757079291	-0.211070329621844
MCF2L	-0.593807124863232	0.420772845077674	0.105399511891391
ATP1B1	-0.412430804768029	0.689133348154384	0.377302945190691
PLEKHO1	0.31078241446439	-0.503637366552515	-0.24997552350895
LHFPL2	0.487776628029495	-0.551757157269123	0.0295373329559983
PCOLCE	0.393870726372439	-0.428934977648976	-0.196652481310535
TMC5	-0.322627617209632	-0.0053057604221222	0.257416035862123
SCNN1A	-0.451205346822355	0.338989701321342	-0.00691951206718165
CASP1	0.279883862941142	-0.787778466786681	0.116959245737817
PRKAB1	-0.407130897384803	0.435645466587236	0.24025064433425
THY1	0.373024605652075	-0.229908601656522	-0.315635941172195
GSTA1	-1.29896001644442	1.4861663155093	0.559177768503885
KLK11	-0.859586184487598	1.35963972104508	0.893389545015568
WARS	0.239167773104315	-0.0661108504392361	-0.189822674426617
COL6A3	0.329326214089397	-0.46890225216008	-0.223675571114911
MTUS1	-0.523874840425111	0.348491618130947	0.418197346794061
GIMAP4	0.313795419832447	-0.363148634702973	0.192978983035165
ADAMDEC1	0.629214937213415	0.159962861770356	-0.248528671508151
SLC31A2	0.438998348862475	-0.489581735175805	0.0493505828490744
SORBS2	-0.877309403110077	0.432573829962994	0.638210429494461
PTPRC	0.332252297515247	-0.613457877098205	0.185453591674775
TAP1	0.372721265888614	-0.289462122361909	-0.135854533036558
LAP3	0.254586703788501	-0.232992090951945	0.0533748998669121
ZYX	0.235079125346905	-0.697274232408006	-0.118660587401566
FMO5	-0.732934145152045	-0.111313955901851	1.01750719587409
PYGL	0.250263302931444	-0.0296841504284988	-0.621650152060991
ATP2C2	-0.745435954815433	0.490861186397477	0.160854302064605
PALLD	0.450988195960704	-0.271945576763504	-0.175207097334575
KCNN4	0.54969730765562	-1.56511836931188	0.019084978770059
CCL18	0.0493975671555114	-0.582885072757502	-0.172981816484451
STXBP1	-0.31018345275841	-0.0926050271513222	0.542271122480282
