	S1	S2	S3
A2ML1	0.192337627817417	0.0643576931428381	0.202798249020011
ABCA8	-0.00887906911177218	-0.216357768620756	0.35926897052952
ABCC3	-0.531060542669545	-0.039162826315503	0.365220142843074
ABCC6	0.292641244544733	-0.270846037583676	0.420093233768483
ABO	0.337946162166673	0.0203442491814325	0.821226973376093
ACER1	0.41887060452509	-0.107626568799294	0.480657407216334
ACOT11	-0.241501654257655	0.0059466915772833	0.332173575705296
ACOX2	-0.115949578364032	-0.412205788226069	0.486992255844306
ACSBG1	-0.0128671891764096	-0.00207322880446978	0.121143091301201
ACSF2	-0.259099960882031	-0.625772263537934	0.387419924943469
ACSS3	-0.0118510339786447	-0.260370277486415	0.499279009085405
ACTA2	-0.42100821879704	-0.614464135983421	0.395721720917654
ACTC1	0.511763140107795	-0.663172628794089	0.658070268610525
ACTG2	-0.558863926725376	-0.877597282546779	0.522201592602269
ADAD2	-0.00206318895894637	-0.0316346583973009	0.0741377336726362
ADAM28	-0.0697686890457029	0.113080052180332	0.484343886144172
ADAM33	-0.125787603386371	-0.406410356685424	0.0698956896511864
ADCY5	-0.0122778075893875	-0.140545960167946	0.589756844440841
ADORA2B	-0.0147517728281444	0.016440228545642	0.274576792152977
ADRA1A	0.209922618617829	-0.0752926667357024	0.513178325142222
ADRA1D	0.336129942754875	-0.212463431618562	0.395592975990795
ADRA2C	-0.321910214600207	-0.0358738341623804	0.273802169846076
AFAP1L2	-0.0875414406313644	-0.363876135213514	0.561083711028471
AHNAK2	-0.064320050518717	-0.135035187916202	0.469816278121585
AIFM3	-0.0463247394401873	0.0240067540454586	0.132607893068141
AIM1L	0.0197620896690079	-0.00260100734032126	0.145854580253115
AJAP1	-0.0516686006753669	-0.0352017112407445	0.140577242268412
ALDH1A2	-0.105181339437821	-0.559649600357641	0.466362306489721
ALDH1L1	-0.677046490467637	0.117473304228998	0.133568079717514
ALDH3A1	-0.115932964393881	-0.129914701523955	0.477986051600109
ALOX12P2	0.294183844790714	0.0942888152601902	0.314094761095175
ALOX15B	1.16974415233864	-3.09525319338476	0.0662195422297417
AMICA1	-0.177790622995986	-0.278353830713076	0.285446002690575
AMN	-0.00888386557202459	-0.0106986783905911	0.0680162544352497
AMT	-0.184195125742105	-0.521263338162431	0.383483192824912
ANGPT1	-0.0129619036383185	-0.340810441676338	0.599443226925031
ANGPTL1	0.222342752437583	-0.15853669575053	0.336319406657856
ANGPTL4	-0.167207202993839	-0.510454781535548	0.467716316614288
ANKRD35	-0.187050444760794	-0.346385804306543	0.282325473609519
ANKRD53	0.0245154046033396	-0.141145678341486	0.147154773735175
ANO4	0.408235838365982	-0.355432017763894	0.405442299784481
ANO5	0.0160836213369398	-0.108201465824047	0.421669629647195
ANO9	-0.275838939458029	-0.0732523950367659	0.170060556266783
ANPEP	0.801247183022708	-2.79011305717887	0.829599964130414
ANXA8L2	-0.37795785773583	-0.0345016350513154	0.49358791326535
ANXA8	-0.55112971510787	-0.157712625109282	0.779429670588436
AOC3	-0.211029092427249	-0.408837245841149	0.49444504279486
AOX1	-0.112032820038575	-0.505502199114263	0.87510782917702
APCDD1L	0.00214678037420244	0.00279240630047003	0.119923322746414
APOBEC3C	-0.354961995647697	-0.390516035334535	1.01688528476872
APOBEC3D	-0.189423428539423	-0.119663467044158	0.391966917334706
APOBEC3F	-0.482298911064559	-0.164934852535063	0.0798020324563866
APOBEC3G	-0.32516035927914	-0.302567216181733	0.544580977962076
AQP5	0.159378378542249	-0.0414445244399391	0.242401593943909
AREG	0.314201300712687	0.00330062109217908	0.489762311928329
ARHGAP20	0.0316515649455322	-0.0549240289256613	0.45276619040651
ARHGAP22	-0.19127773990995	-0.140736696239443	0.218585862137222
ARHGAP23	-0.122629317579202	-0.259617097128919	0.535330391138206
ARL4D	-0.126526385083203	-0.301689374406649	0.341703828216041
ARMCX1	-0.234748112166279	-0.381215708190157	0.674524813926968
ART5	-0.0255195634309226	-0.0652477141344257	0.150569768961368
ASB2	-0.144742873492774	-0.492919835010617	0.360013514894767
ASCL2	-0.0810178558552325	0.21535709131436	0.47093847095125
ASPA	0.0806929080936998	-0.182024784736753	0.275623356613825
ASXL3	0.0128983140777592	-0.0201948492672284	0.160537874892588
ATAD3C	-0.0218396166519717	-0.0977340750295381	0.214589651318961
ATCAY	-0.104925333638144	-0.126683490185237	0.406044374208247
ATOH8	-0.177503926696978	-0.324924025460065	0.339419776289872
ATP1A2	0.00273524375453316	-0.733204051346278	0.532939207398146
ATP2B4	-0.219883263522436	-0.401711967389061	0.734872701822367
ATP6V0A4	0.0874785722660732	0.0234261039343511	0.368081114019414
ATP6V0D2	0.0650324428963537	-0.0233352868062076	0.342269551583037
AVPI1	-0.215035010964531	-0.411990683386637	0.465871125707048
AZGP1	0.220666734342778	-1.91050347469933	0.272343969964042
B3GALT2	0.111564883567966	-0.159391795743978	0.402129268565408
B3GNT3	0.201781254821624	-0.0827183199358383	0.536585809548538
B3GNT8	-0.158185844173601	-0.211320390053227	0.425127619038544
BAI3	0.0448613805611395	-0.0231126362109871	0.0859465749446989
BCL11A	-0.497233353616642	-0.122111996802272	0.406967994281325
BCL11B	-0.0246501254243492	-0.00213394010011176	0.185138611068556
BCL2	-0.126473574751996	-0.33962648053892	0.467801502975593
BDNF	0.0624938396894887	0.056691791488977	0.207075125485601
BEND5	-0.182904077314137	-0.233194821402918	0.1951734662796
BEX1	-0.118456856448729	-0.261105614782351	0.792114590887252
BHMT2	-0.0758809510108179	-0.281739422320762	0.2801052811236
BMP3	-0.0139205408357757	0.0338965144901438	0.356885697780054
BMP7	-0.622654692577843	0.262343303972674	0.376209359442489
BNC1	-0.0311498051099503	-0.00169126055935315	0.171234934196137
BNIPL	-0.0224224539514932	-0.236883763926066	0.794107735476227
C10ORF55	-0.0217909528712092	-0.0238820126780868	0.0609863848851856
C10ORF82	-0.0150986140188244	-0.0417272410587619	0.412928649165307
C10ORF99	0.044890815276733	0.0405850795178263	0.286577131011921
C11ORF45	-0.103286069544412	-0.0327754417374498	0.239709150212161
C11ORF70	-0.22167116383229	0.210921506171896	0.193002159144487
C12ORF54	-0.0427170295218666	-0.00279084700742251	0.110098145749837
C14ORF64	-0.0199976464205965	-0.0493916546990841	0.0890033608054283
C16ORF74	-0.128556838534857	-0.372132715503836	0.38189297679218
C16ORF89	-0.280799060778439	-0.18901291893979	0.401058965582568
C19ORF33	-0.509934580132961	-0.134279079378648	0.457670202042186
C1ORF106	-0.289907974532809	-0.305750235392584	0.626327691598868
C1ORF95	-0.0072929723897826	0.112231040328787	0.371762579598979
C22ORF42	0.0843160902293349	0.45439502366124	0.713406024839425
C2ORF88	0.0787583932931321	-0.212805285170602	0.490536585367702
C3ORF70	0.0264531788118158	-0.375147852944995	0.338057643616417
C3	-0.329612242544239	-0.193301758065397	0.666391694306644
C4ORF19	-0.235072206140188	0.353859157218729	0.450389614561269
C6ORF123	0.0310626177296945	-0.049356381587928	0.233937065799819
C7	-0.0254603574042967	-0.509371496351758	0.424933916676537
CA11	-0.228715820747545	-0.348571329835208	0.310370306700319
CA14	0.0887380425933101	-0.103852343531998	0.70353215843658
CABP1	0.0115873988976421	-0.165241538182184	0.108366477526792
CACHD1	-0.17820460749663	-0.271392961105496	0.386362374355247
CACNA1B	-0.0497827693334291	0.514353174225418	0.215694166563018
CACNA2D3	0.0640004886003009	-0.0404012338232623	0.10543874559243
CACNG4	0.319584603064006	-1.00918312412683	0.708303992066824
CADM3	-0.0554544375584304	-0.0122705733111173	0.185160967287011
CALCA	-0.570485579410129	-0.00545773701087857	0.611996935691638
CALML3	-0.341538801039733	-0.359001731998716	0.735317509336031
CAPG	-0.359640994711697	-0.644443359799459	0.554645098657708
CAPN13	-0.374307967873802	0.234688806395104	0.26813705921299
CAPN6	-0.0909634134739445	-0.138743499463912	0.789535221996948
CAPN8	-0.0303275738971833	0.102990239384331	0.281081398236058
CAPNS2	-0.0632835922375931	-0.100419866162898	0.737341140836093
CARTPT	0.314937579318027	-0.0876129138604589	0.888270099444389
CASP1	-0.254977005320543	-0.283653459996307	0.430028972216076
CAV1	-0.122579207430881	-0.597256367388339	0.519870775912318
CAV2	-0.141694210273624	-0.384663948559691	0.425491831236035
CCBE1	0.181553448844819	-0.0929816329693674	0.293740106509603
CCDC60	-0.00269543477457009	-0.179524187072283	0.281106510879031
CCDC68	-0.00475701940128283	-0.180505369360973	0.376619880232629
CCDC85A	0.103694127490374	-0.0659754296354488	0.21278723812137
CCDC8	-0.136352464751545	-0.323411449474399	0.485735011571588
CCK	0.45769031840177	-1.21580926985578	1.26846929116311
CCL20	0.0339843300390635	0.286287721640535	0.712774006268789
CCL23	-0.053428554119845	-0.102054696094585	0.335425676233784
CCL2	-0.23555283101551	-0.103990855219643	0.628361859740624
CCNI2	-0.0327465186269082	-0.0104954198576138	0.269661992587245
CCNJL	-0.220390640223033	0.200482671930332	0.15710004090302
CD177	-1.06492953833501	-0.250003915212621	1.25512989670496
CD1C	-0.0615691193112977	-0.0261577553164988	0.216243823839638
CD1E	-0.0919671448618404	-0.0172656068311467	0.340108802857578
CD207	-0.253001756294613	-0.169963199703979	0.53225737227139
CD38	0.132905904055671	-1.71530040581069	0.863493252420971
CD40	-0.25842062514331	-0.498091245458707	0.508253483246359
CD8A	-0.173141589167861	-0.194405123539655	0.309116069310561
CDC42EP5	-0.0867085647443025	-1.0809227488638	0.39113641048025
CDH17	0.106943990601229	0.104558144088027	0.252520159311533
CDH18	0.0236860021084635	-0.0153395048099418	0.0795657826877765
CDH19	0.0862036112621819	0.0226737936794808	0.213739516442668
CDH22	-0.170873602724981	-0.0857918574229939	0.433137113920822
CDH3	-0.347052827313705	-0.227278963148886	0.562202770224425
CDHR1	-0.124723541844305	-0.0513275613909804	0.291101806121103
CEACAM1	-0.388112049208412	-0.125619817452674	0.500849093560551
CEACAM6	-0.108682620830229	0.0787690025589653	0.650831614989363
CEND1	0.0172676333506458	-0.150128936195808	0.275272237176678
CES1	-0.219151513887966	-0.524816345218621	0.408990728496382
CFB	-0.430091910536882	-0.49394558625099	1.09075605776584
CFC1B	-0.0203836966495095	-0.469844008539619	0.685497162658103
CFTR	-0.281112173141319	-0.0507677529516775	1.02790744849739
CGB7	-0.0257900189894298	-0.0336131227567608	0.200158934615876
CHAD	-0.0281672375515051	-0.0692055540831732	0.283944308998096
CHGA	-0.746815739120214	0.143839331541332	0.825149933042046
CHI3L2	0.00410556078682922	-0.114219139200154	0.985726954423517
CHL1	0.176799557198998	-0.0540151954116484	0.441471859424488
CHODL	-0.0376214236658053	0.101203980606809	0.368928460305336
CHP2	-0.136864208253659	-0.121115503420469	0.760964513952555
CHRDL1	-0.114267364763895	-0.651635142955527	0.642700411584217
CHRFAM7A	0.103504142858757	-0.119931365407906	0.348056656200218
CHRNA7	0.177968667484604	-0.0877514421217776	0.458476888858761
CHST2	-0.110648151015044	-0.438331132113785	0.614000386141638
CHST9	0.123225638982735	-0.0666066564864077	0.422853519409413
CKM	1.22149893693704	-0.375710546015368	0.576145122297846
CLCA2	0.117087822666583	0.0708216192152974	0.733934400029736
CLCA4	0.0343099923420076	0.0735061870150828	0.902280082983769
CLCNKB	-0.00484221647673817	-0.0162307868054264	0.0970118128036433
CLDN10	0.0962625740177432	0.417013806917983	0.449072904330716
CLDN11	-0.254581366547926	-0.14958425686898	0.360862612628076
CLDN1	-0.764663517722843	0.27222461504953	0.583259995756265
CLEC10A	-0.10338687840824	-0.147730345282218	0.328645646964821
CLEC3A	0.191970121345987	0.259341466504221	0.835206997006514
CLEC4F	-0.0293241979752284	0.0149464488375483	0.0910926431970906
CLEC9A	-0.00165571265421956	-0.0392532294858033	0.179944278600246
CLIC3	-0.145285179348275	-0.239541034414489	0.21213517505878
CLIC6	-0.200329751807588	-0.348814927755288	0.480410327676002
CLSTN2	-0.0382218159899777	0.648209849134972	0.758554440504672
CLVS2	0.0936367508142079	0.0184132557870594	0.438333386952082
CMTM5	0.109250705008907	-0.097915366751415	0.115608271676857
CNN1	-0.48474653102616	-0.808560912887151	0.508716622822222
COL13A1	0.199237825066272	-0.168089691305893	0.170251508619767
COL17A1	-0.776947867798727	-0.768176908873613	0.873359794168562
COL22A1	-0.198000101933377	0.0857092083805978	0.607860155042851
COL23A1	0.04676820910303	-0.26869315002641	0.391294359183259
COL27A1	-0.130585794102161	-0.011120831031391	0.471649142719205
COL4A6	-0.0443838487808307	-0.671076950566971	0.672823266793334
COL7A1	-0.336191045580518	-0.374504143543173	0.183617952319374
COL9A1	0.0792536844545981	-0.00603993549686817	0.919328238461466
CPA6	-0.321212362094273	-0.282402105020621	0.915044744108536
CPAMD8	-0.585511984715846	-0.343625963873924	0.628782718908207
CPM	0.0439914437813184	-0.225676513760926	0.74135432384456
CPNE6	-0.00234874130088934	-0.267057092407729	0.836210655850916
CPXM1	-0.316053100779124	-0.59460588424179	0.516365118030191
CP	-0.756239747122704	0.0423815509693311	0.599088385806084
CRABP2	-0.447740388612257	-0.432245920626402	0.620627049851649
CRHR1	-0.0188374963857389	-0.0117515695853302	0.0851964542141516
CRIP3	-0.0488929126295466	-0.269561636164762	0.464026833321108
CRTAC1	0.0396501483069905	-0.104685517790879	0.321003395607056
CSTA	-0.318265056224529	-0.453440623679255	0.613469035492873
CTF1	-0.215659786885588	-0.474993206319312	0.389336465481264
CTSG	0.207888330676938	-0.27294320271231	0.340646100609418
CX3CL1	-0.258931824852192	-0.368121855859115	0.693357367166953
CXCL17	-0.815371183766255	-0.491152312485301	0.886985640099171
CXCL1	-0.348861546627454	-0.263697124982762	0.977233912107464
CXCL2	0.0605837985288194	-0.123784827171882	1.16640232397941
CXCL3	0.261054039756638	0.135529239266945	0.71650674714511
CXCL5	0.275919359494075	0.186435711492338	0.780039167708889
CXCL6	-0.106619055670135	-0.131202548052018	0.745885768601366
CXCR2	0.0276446609614198	-0.0217602464943501	0.351227271862672
CXORF57	0.00282687005203474	-0.0582861377873788	0.148630673674119
CYP11A1	0.14378949541197	-0.0770581673231816	0.11952282183206
CYP24A1	0.045312309164097	0.150622741566922	0.675381974341412
CYP27A1	0.187235606200413	-0.838607893580158	0.871900596421431
CYP27C1	-0.0204099708510827	-0.0273187765543705	0.0675644785869697
CYP2S1	-0.100424002784217	-0.111434017243823	0.298510342304822
CYP2W1	0.0336584535323583	-0.0714006923381907	0.334675042104277
CYP3A5	-0.0960281893073954	-0.561630450805154	1.08414908314516
CYP3A7	0.0296527356681181	0.0424072748390136	0.273791630515738
CYP4B1	-0.381919951175203	-0.548009355641066	0.960033712694058
CYP4F12	-0.0325732634408407	-0.335049086869757	0.474440409679915
CYP4F22	0.00199566757580773	0.0736528535799085	0.451665727492954
CYP4F2	0.98792901861489	-0.113636675244063	0.864069033678018
CYP4F3	0.254956461274459	-0.0287269703565557	0.225009258200663
CYTL1	0.0597645954395958	-0.299971141826347	0.302318586755054
DAB1	0.117580421434351	0.262982805937908	0.341288768907003
DACH2	0.497693256134657	-0.0240809895625881	0.274443816977075
DACT2	-1.41868643232988	0.871718451624485	0.129049066702137
DAPL1	0.173599906395859	0.401595093595486	0.894382472138112
DCHS2	0.00279691084779578	0.00920235283522933	0.179550247194214
DEFB1	-0.855800519956188	-0.707585551068902	0.692397495669603
DEPDC7	-0.157743208819155	0.114000225371781	0.253930453644603
DES	-0.453163644117396	-0.790996751865648	0.458932014416528
DIRAS3	-0.107661733007814	-0.242782800081859	0.295610188140505
DKK1	-0.051612666947621	0.06522229821503	0.593523114838795
DLEC1	-0.00883847078662628	0.115514110148647	0.136710024505228
DLK2	-0.814233143368569	-0.611135143970465	0.822446278637108
DLX3	0.0349001963794584	-0.0831184272642441	0.193740487604572
DMBT1	0.125716220152724	0.0745929514974893	0.400015805117753
DMKN	-0.692283818865502	-0.653395893297543	0.610827545338082
DNAH11	0.0165352926696404	0.068994375257612	0.0670889718475189
DNASE1L3	-0.0414186991850131	-0.208309016686544	0.279960095336842
DPT	0.201153795594404	-0.828721013970874	0.413804181257931
DPYS	0.722340169336408	-0.419264978286018	1.05001892801135
DRD1	0.0721432286364523	0.0316679951063615	0.301855392439491
DSC3	-0.452218998471994	-0.152976566985861	0.905581301458332
DSG3	-0.00769298718702623	0.0285606510090898	0.384322677766235
DUOX1	-0.284909314911941	-0.330297410621203	0.886133114690591
DUOX2	0.0546752258077365	-0.0321278778782013	0.724543819181899
DUOXA1	-0.34490587862114	-0.487527077447846	0.880936070799601
DUOXA2	-0.00755043337999838	-0.113994448174765	0.4535861832726
DUSP15	-0.092555351420884	-0.0848562814158006	0.209942169560923
EDAR	-0.0548866611045505	0.243671551828437	0.288934728623891
EDN3	0.16277755552114	-0.191196870520992	0.514666470539842
EDNRA	-0.155448431430007	-0.325399818849723	0.509825089187734
EFCAB1	0.0267727317300143	-0.20518498381185	0.34684222009081
EFEMP1	-0.231616348607965	-0.362794564430825	0.475264032329797
EFNA5	-0.0867264686592836	-0.146468217578384	0.398234436554522
EFNB3	-0.252500643557831	-0.0944170009541559	0.359870527505596
EFS	0.0989271422550051	-0.716080141226355	0.551053618744852
EGOT	-0.0465545626111801	0.0148451504964474	0.194810556454516
EMR3	0.0122598262397324	0.00877783818294061	0.103168763996135
ENHO	-0.0257918357790551	-0.653946646170874	0.386566150269718
ENPP6	-0.100317857549972	-0.0105510559334981	0.587764343870576
EPHA2	-0.0816958974723819	-0.14125340501379	0.680200888640877
EPHA5	-0.0510955976675075	0.501862785725662	0.558151401632541
EPHB1	0.129438659457944	0.0407999681050812	0.244650435224103
EPHB6	-0.431378103658573	-0.440204837468237	0.282570111622136
EPHX3	-0.137121575583892	-0.0457965399116844	0.418629063922588
EPSTI1	-0.110196246493252	-0.113518951202949	0.420731560170796
ERN2	-0.0255630623746656	0.0263298700549947	0.654756769696324
ESPNL	0.0112545571743936	-0.0137716595659413	0.12026812586265
ETS2	-0.101181029498094	-0.30697806733726	0.759953146881648
EVC2	-0.170322433434775	-0.15391827308871	0.30361140012466
EVPLL	-0.027408486910339	-0.0183323877986612	0.249482455892266
EVX2	0.0362078963263132	-0.00592910620504765	0.169357255412159
EYA4	0.00402796436094579	-0.124313857369184	0.315145719184571
FAM107A	0.0158056346074171	-0.686560848809739	0.503711812709728
FAM124A	0.124929765987604	-0.293091579756336	0.423061335971185
FAM153A	0.0823344986194647	-0.0510286550465279	0.125023995849303
FAM167A	-0.131453097647674	-0.0617483725045742	0.444994726898897
FAM178B	-0.020593120135466	-0.110919450063868	0.102436244426146
FAM196B	0.0387322973509294	0.00792408863690027	0.172845505202008
FAM46B	-0.107077773250799	-0.535946107375213	0.348016232318897
FAM83B	-0.0126890427765808	0.0362380338253234	0.548185100281993
FAM83C	0.0056830571388845	-0.00476082044100403	0.145192243988074
FAM90A1	0.0193743181285213	-0.0262114354274772	0.0811144551071237
FAT2	-0.16917394819938	-0.199243319179138	0.911813933120764
FAT3	0.126776811376139	-0.0996602821899295	0.349818362886232
FBN3	0.0174896930532349	-0.0167938277496186	0.137771468159963
FBXO17	-0.141790359673872	-0.559759691581501	0.515505764029049
FBXO2	-0.339404154925723	-0.141689809261585	0.303076770429274
FCER1A	-0.225516934019093	-0.216186426671394	0.433503334652489
FCGBP	-0.10519013097285	0.0802963121861332	0.784191157416975
FER1L5	0.00654900113737763	-0.0102250788424564	0.0436874217954324
FERMT1	-0.219703632745946	-0.140179825919724	0.428023636351152
FGF10	0.044886331906749	-0.0375020912683507	0.442458962349173
FGF1	-0.172099268241426	-0.0230041601608264	0.234388523073272
FGFBP1	0.0847513057549152	0.0507530856464997	0.8121573892999
FGFR2	-0.420388366244909	-0.762651479446905	0.900329616806257
FHL2	-0.309244513169082	-0.494834589948204	0.585469984571566
FLNA	-0.387014993320101	-0.592335197091751	0.598628290045037
FLNC	-0.155289587349796	-0.620697758183819	0.670209075923048
FLRT3	-0.590438269865314	-0.454163897382674	0.956183038947808
FMN2	-0.0108203297191396	0.0941993965586691	0.205079010526204
FMO2	-0.100702154311475	0.0320078430221754	0.607199392313006
FOLR1	-0.128004511173851	-0.181184731422595	0.647190307368004
FOS	-0.185635518985805	-0.447853343944491	0.769988957708809
FOXA3	-0.0759104056746056	0.0120482084357613	0.243980512957712
FOXI1	0.154295241217206	0.0508049038319647	0.869843879224748
FOXP2	0.0913709802513469	0.0286830402797285	0.368636850206367
FOXQ1	-0.222334788000642	-0.203148770071515	0.529650771948598
FREM2	0.14861761003567	-0.0682997591130241	0.319579272615234
FRMD6	-0.275875274202914	-0.229658903757293	0.513440686326414
FUT2	0.0407826624972894	-0.000644728887051512	0.517748455800589
FUT3	-0.0172444129000593	0.0912001723477528	0.264435095028858
FZD10	-0.304177063475021	0.110332724412263	0.343757185347908
GABRE	-0.238910283267551	-0.198182698209345	0.674189462544469
GABRP	-0.750006392363557	-0.258526588287726	0.761310439392186
GABRQ	0.0525551571037928	0.0539593317160738	0.277664691447976
GAL3ST3	0.0370781510245089	-0.0329134513639808	0.16298880857165
GALNT14	-0.374390829888849	0.203068093751793	0.244547395746843
GALNT5	-0.1151203970478	0.145877961038242	0.527887295316818
GALNT9	0.00417304410703485	-0.0203416540460088	0.167513525931352
GALR1	0.0222713891951949	-0.000196892908840134	0.144516467750512
GAS1	-0.179018902077681	-0.445926509762677	0.650532052349053
GATA3	-0.489922862087255	-0.38266777883928	0.819767148021356
GATM	-0.0797263456013929	-0.275466523862551	0.487142213627213
GCNT3	0.00212602691026141	0.141430174185797	0.313678592992908
GCNT4	0.0250692572835441	-0.00135489868634381	0.182293594965219
GCOM1	-0.164407630626766	-0.488846248001356	0.492377548691866
GDF5	0.0325856402518883	0.023903590698417	0.167223725661144
GDF6	-0.0697466913030185	0.0546840507027465	0.133037785307876
GFRA2	-0.0390636122302859	-0.0956111279374444	0.131536687518714
GFRA3	-0.0185695306189304	0.0180943317554922	0.181345578985599
GGT6	-0.39348720548533	-0.376742158121897	0.590655999250595
GIPR	0.00600986905388928	0.0669998307358201	0.227439299043718
GJA1	-0.292277617618689	-0.419968260644263	0.721223741913259
GJB3	-0.247649641826127	-0.17672333419882	0.677622305537862
GJB4	-0.143050608142922	-0.10960124708638	0.472603478924053
GJB5	-0.332876249330046	-0.304715769076049	0.777802961535709
GLB1L3	0.75911312223472	-1.01463345932165	0.182354617078694
GLDN	0.101104378546262	-0.0619500336915518	0.110187836996391
GLI3	-0.127449597288579	-0.0789047604995998	0.372607247458986
GLIS1	-0.122407550059327	-0.181390874505812	0.438298916329208
GNAL	-0.0202300923800832	-0.188227294023134	0.562411293099816
GNAO1	-0.12210768934882	-0.159532319230572	0.352214332617622
GNB3	-0.0287980198917419	-0.0911028150711496	0.093369132274771
GPR110	-0.857143660530744	1.54667168007263	0.738869033565021
GPR114	-0.0922184413386918	-0.0136268200003535	0.208844786693196
GPR124	-0.241936761945394	-0.382684360255502	0.480227049947479
GPR126	-0.326170706802203	0.0998719744762429	0.623326048035893
GPR144	0.056953340462567	-0.00240588088862302	0.115700044525805
GPR173	-0.00786483974271516	0.130596246620065	0.258904639634204
GPR39	-0.165446087785239	0.117923314438494	0.223163109304923
GPR55	-0.0304172724619631	-0.0106954010906363	0.0723337756835332
GPR62	-0.0278013866430454	0.0365623631494169	0.0645579540012235
GPR87	-0.503860498852977	-0.385568649865011	0.816615490375477
GPRASP1	-0.124623770603781	-0.356138025400529	0.464319982401276
GPRC5B	-0.0601449913368658	-0.303779794262056	0.50329703167618
GPX2	-0.222859817761969	-0.435295715618487	1.01287541212464
GPX3	-0.456915432290309	-0.472809612621054	0.63217259893418
GRIA3	0.413930267151363	0.0161705483439946	0.287435772682538
GRIN2A	0.00586748280825511	-0.0063412047587383	0.101073573479363
GRM6	-0.00326741362286304	0.0283767931892456	0.0457808587223868
GRP	-0.0155701953039434	0.158378405289377	0.450154947526561
GSTA1	-0.314425373231582	-0.417680211692163	0.959450222839042
GSTM2	-0.275529234142517	-0.750672970552213	0.501361149084607
GSTM5	-0.114324377107254	-0.584214178183915	0.253103391739395
GSTP1	-0.523785753762551	-0.727767644875339	0.809007664295009
HAAO	-0.200270354618302	-0.500242993458872	0.416354228846445
HAP1	-0.0426187490790469	0.017322275993937	0.153173356471241
HAPLN2	-0.00864315994825498	-0.151335730058958	0.119697993383083
HAS2	0.0999569804844118	0.0618345437329382	0.298815230058433
HCG4	0.175738084697073	-0.143853224814141	0.26444472676319
HECW1	0.274346849951254	-0.0185955028138718	0.391533521052765
HFE	0.09886030199148	-0.222527715625451	0.587618640614444
HHIPL2	0.230664634988939	-0.0427437579200543	0.235611308551961
HHIP	-0.270439565168811	-0.0245715281979131	0.229868281198192
HIF3A	0.1814098932273	-0.275313850951712	0.331217177180007
HLA-DQB2	-0.289737962593421	-0.128738772200531	0.325993538978168
HLA-J	-0.0610379040498354	-0.0104282884524698	0.2034661666534
HMGCLL1	0.245539592205135	-0.0235811759776866	0.135978235864051
HMX2	0.0292013314605693	0.0221388870139229	0.116555209230831
HOXD10	-0.262607521187001	-0.344793451649584	0.56571876055642
HOXD11	-0.395862689561517	-0.602018827205841	0.860214567489701
HOXD13	-0.214238800734947	-0.363461584667596	0.73864962743104
HPDL	0.085732423829713	-0.084069828901784	0.395417180904042
HPD	0.128599181615414	0.00310218138467936	0.254979190993285
HRASLS5	-0.0365825244713772	-0.0889333050383097	0.199431250895827
HR	-0.253723536926195	-0.136196261526526	0.333716805554703
HS3ST3A1	0.00741746240999591	-0.137648834322184	0.240598239240449
HSD17B13	-0.0948350607987862	0.170199784450372	1.15895993627403
HSD17B2	-0.00238738881020462	0.0836554363486321	0.389176045483351
HSPA4L	0.00882872659949186	-0.105288268811607	0.571068754373158
HSPB6	-0.0884889894469866	-0.731118017720567	0.447195609902333
HSPB8	-0.295042185995199	-0.861320662466444	0.579903805629244
ID1	-0.524319633430149	-0.484481582145978	0.822378445481356
ID4	-0.167170446946472	-0.488195969331592	0.532848104879252
IER3	-0.309282660167242	-0.277747967283957	0.508809873865492
IGJ	-0.24171431000019	-0.0296897644259678	0.864554871008072
IGSF1	0.186130539516326	-0.109056397565542	0.407298522924629
IL17RE	0.158119685127374	-0.737469569532218	0.339901197515378
IL1B	0.0665277241795692	0.0495053592844656	0.595952230742933
IL1R2	0.0622454582473456	-0.0841110710229548	0.172517047299703
IL1RL2	0.238188662712864	-0.10271101999931	0.281950904482929
IL22RA1	-0.0410716885594001	0.173578008501824	0.113506708727976
INPP5D	-0.134822628719086	-0.228109149875413	0.390240104130853
INSC	0.0321733410923972	-0.0221885967846796	0.0626275035032694
INSRR	0.0325799825209627	0.00680313606862149	0.170121400201218
IP6K3	0.158463368711482	-0.144914478243564	0.423456370476402
IQCA1	-0.0804524968810741	-0.0722338483310997	0.345039519524282
ISL1	-0.179276233673236	-0.201412106737213	0.224662735068001
ISL2	-0.0578115637540944	-0.00633700669446289	0.186152329313317
ISM2	-0.102189928257927	0.021333168359074	0.510275725686721
ITGA2	-0.0114556734239558	-0.0295322953183566	0.615685898703676
ITGB3	0.0931106536605907	-0.0284540016603628	0.479994418709744
ITGB4	-0.426187480139829	-0.421509268437875	0.808464322058746
ITGB6	-0.513233950182125	-0.187314507625268	0.753515874439291
ITGB8	-0.317939250042125	0.0786531671195764	0.637799047688416
ITLN2	0.0882943692137036	0.305051439014733	0.486807381216695
ITPRIPL1	-0.105861759220927	-0.125103431542719	0.446559474986511
JAKMIP1	0.0524591259588501	-0.452287809415447	0.55003186117379
JPH2	-0.103623478236318	-0.485644607412103	0.387720445662165
JPH4	-0.18032226925654	-0.611636125912198	0.572279199690771
KANK4	0.00137912920004166	-0.15251779890969	0.398381454848137
KCNB1	0.143789660129315	-0.0896272215776996	0.281444220476435
KCNC1	-0.0100706734182617	0.0228327153146892	0.0583598563881707
KCNH3	-0.00454887711250209	0.0446668335614345	0.0819885376771592
KCNJ15	-0.0274161366187667	-0.049396795256006	0.511308655290673
KCNJ5	0.0607112833126643	-0.0985637727946597	0.344583079218898
KCNK3	-0.404139459501595	0.343977363273431	0.395262560777102
KCNMB1	-0.278225007407209	-0.65077725244725	0.426848984441826
KCNN4	-1.51057304044179	0.712238394555411	0.298182760727897
KCNQ5	-0.0404771630326041	-0.00446277409711112	0.237645756051457
KCNS1	0.0213778376352997	0.243446630934245	0.342689614890424
KCTD14	0.0535880215302903	-0.835948217382363	0.507860202631366
KCTD8	0.178515024433298	-0.0685202230386436	0.163135239350378
KIAA1210	-0.165457822108153	-0.11805696016157	0.901976226297235
KIAA1644	-0.114754940674852	-0.145715165852417	0.406302505230575
KLF8	-0.00867187308580209	-0.0619658311937968	0.232983539615809
KLHL14	0.0738977648244539	-0.0433317373980396	0.140546024979003
KLHL4	0.0296428010608265	0.00155422365077686	0.0796910627339511
KLK10	-0.441819289451859	-0.216886338099425	0.398445983226894
KLK11	-0.918754563849395	-0.0775441132631639	0.477244890107555
KLK1	-0.139215079179736	-0.589814412868816	0.526055519761863
KLRB1	-0.178128971830085	-0.290978876164265	0.243683276167054
KLRC1	-0.0252215053189858	-0.0387264746410259	0.124028565377546
KLRD1	0.00104878886738443	0.00377546740132604	0.144133520649902
KRT13	-0.309871594437746	-0.368122258596641	1.96515979234747
KRT14	-0.326996138280052	-0.580709200405632	0.903491725502346
KRT15	-1.12646779368525	-1.31536637402559	1.24169102327919
KRT16	-0.0473372188787917	0.0884643769399984	0.683869170579219
KRT17	-1.3052472684716	-0.616948301443086	0.805929593526764
KRT19	-0.680623569207713	-0.535757461508102	0.443638765479292
KRT23	-0.441897668132856	-0.540752200929249	0.94222783243046
KRT4	-0.0527437063093554	0.0347085371919761	1.04007859495075
KRT5	-1.32945377323301	-1.14986835167846	1.28264205506473
KRT6A	0.0487807592842551	0.140265962229412	0.676808531011448
KRT6B	0.0364068347498526	0.0972116737954932	0.304396721296063
KRT6C	0.00183603048658497	0.0749759437034629	0.186623160843234
KRT7	-1.02547543502111	-0.732290330503887	0.942956123661576
KSR1	-0.107670568794353	-0.177529478988474	0.429053175640779
KY	0.225077641699662	-0.0818867338802232	0.242233949948675
L1CAM	0.0565064242765869	-0.124795426211843	0.310879146097901
L3MBTL4	-0.0811569347617909	-0.169928999906279	0.35147134710643
LAMB3	-0.778305639543791	-0.809369732752531	1.03123134783337
LAMP3	-0.113566676570371	0.131307177392993	0.435157640101558
LCN2	-0.607974588952237	-0.892223829689012	1.05532951349331
LCNL1	-0.000559060423638145	0.00842213155322451	0.0998029833041549
LDB3	0.26338751322839	-0.612919938133201	0.451760069554318
LECT1	-0.0222819904225071	0.324483496943402	0.326841339252165
LEFTY1	-0.150262389187114	0.149395450977253	0.220929246606488
LGALS7	-0.0786521610628368	-0.0132217060885435	0.415797163039335
LGALS9C	-0.0364165036714922	-0.0852418468930701	0.109869918358441
LGI3	0.0437424440688069	-0.14759667125376	0.2498500199057
LGR6	0.370635487715692	-0.148118985494198	0.606792658923559
LIPE	-0.0165391225648708	-0.203752698206922	0.218045365740607
LIX1	0.129497403110503	-0.0380673254690255	0.448121712266404
LMAN1L	0.0417959330572911	-0.79919307813259	0.224490688469949
LMOD1	-0.297362107439661	-0.583377939614562	0.509224308745197
LONRF3	-0.0212746348412947	-0.0295401635424516	0.330962183046795
LPA	0.00822721524062989	0.0178334446213609	0.117873775103138
LPHN3	0.0396853716651955	-0.0651613242978209	0.286403112412269
LRAT	-0.126068955111753	0.433088552317122	0.27369805158262
LRFN5	0.00251731230163366	-0.00353702791382369	0.256944206166228
LRMP	-0.0593396889607623	-0.0814001820387539	0.289629338223038
LRP1B	0.0434085176704672	0.00835503077356892	0.0767745643455738
LRP4	0.0268832210315492	-0.240289157304262	0.308923730632657
LSAMP	0.0418954338550663	-0.695744363789739	0.670626380518352
LTF	-1.20286342905902	-0.805746323334897	2.03724665114439
LY6D	-0.0148342105599989	0.026737703293868	0.990659475059445
LY6G6D	0.115588668791712	-0.273460219819213	0.631227887416192
LY75	-0.0268432454171554	0.0286454686770571	0.431751566945597
MACC1	-0.0820604920880492	0.0697091892183721	0.369311022698939
MAGED4B	-1.09642368887805	0.946363550803474	0.626475890094327
MAGED4	-1.25355446351743	0.60728272699295	0.277129504772588
MAL	0.201487540648763	-0.358006848061748	0.13500648146225
MAMLD1	0.0704551804927056	-0.128052609215951	0.315757085116768
MAT1A	-0.010996255975187	0.0393320737494849	0.0740429228809561
MCC	-0.237896852900674	-0.0722653517907497	0.599445554509269
MCF2	0.0601292443827316	-0.0228521697437018	0.0865864996409259
MDFI	-0.664593022377113	0.975480496708339	0.613514396016385
MECOM	-0.15779639406772	-0.0195727589265683	0.493112069882148
MEG3	-0.011118333499418	-0.397579450854381	0.123502954641829
MEIS1	-0.214698475877435	-0.374280184335562	0.288098906340353
MEIS2	-0.296216022134932	-0.524136438360065	0.690710463584366
MET	-0.26093780035923	-0.17475097472294	0.72036448973504
MFAP5	0.0601077973986521	-0.0544794265148654	0.366060165797373
MME	0.149968129096171	-1.14405297570451	0.731105790290169
MMP7	-0.710895334851915	-0.180306376424912	0.516509031582262
MPP2	-0.0433346838539262	-0.326544811407385	0.381631494798214
MPZ	0.234240070569247	-0.285137944890486	0.339364148038132
MRGPRF	-0.257584634900211	-0.52038308007476	0.268566274631981
MSLN	0.0894292814982051	-0.0946727294875871	0.874348500612534
MSMB	-0.37175147154288	-0.794040259963423	1.50604416004351
MST1R	-0.0998520243252114	0.0909168081450416	0.209396240296507
MT1A	0.208197936516406	-0.578966307352039	0.404377690391606
MT1G	0.624042577011322	-1.44757199070699	0.350272050828805
MT1L	0.268873928340586	-1.1914191427527	0.546962234546677
MTMR8	0.0596774533493425	-0.0889107211965425	0.154318948348136
MUC12	-0.447240272252118	0.555939599187722	0.417412297994924
MUC15	-0.0482467020057725	0.0413693846051577	0.364530735546861
MUC16	0.0230800772562001	0.111538894447492	0.141689444637899
MUC20	-0.293456565089254	-0.27798686963751	0.323995129746478
MUC4	-0.138163667625261	-0.075635842008442	1.28286841184222
MUC5B	0.0907456460074707	0.0991708888724979	0.189786098038926
MYH11	-0.442723121870075	-0.649027509847673	0.85761456991427
MYL9	-0.419979538850073	-0.711851833109318	0.470744360851328
MYLK	-0.224901747536453	-0.560802766643035	0.910793778092867
MYO3A	0.0014505488649515	-0.00625603575315222	0.0384171259363228
MYOCD	0.0121102592391538	-0.173164894034211	0.707307598463649
MYOF	-0.241017745263246	-0.258489421541764	0.764113880371424
NACAD	-0.0951902107721949	-0.158106644226527	0.262792336382121
NAV2	-0.150291133811703	-0.0403202810962998	0.571148476316734
NCAM1	0.230006284313322	-0.328053041733746	0.435081243842172
NCCRP1	-0.0856754502735402	0.0195517894536661	0.359898626239874
NDP	0.219561486958077	-0.290537325593934	0.307240046364016
NECAB1	-0.0228988613707768	-0.234341717327853	0.312319955165581
NEFH	-1.14682808865147	-1.39584992783192	1.26604157313839
NELL1	0.113937661600038	-0.0796418202490358	0.446315933135126
NEURL3	-0.182912654923113	-0.0199404059802611	0.333916905280461
NGFR	-0.330518594357331	-0.427940147479082	0.456463144685219
NHS	-0.000704083078024001	-0.106053707692881	0.332496769386241
NINL	-0.560231326936095	-0.0136789775307725	0.210322781732013
NIPAL4	-0.0204728227251685	-0.0570624075766382	0.241699419650564
NKAPL	0.0225940817059209	-0.105774712838015	0.184455176583279
NLRP2	0.483858987992447	0.346543109684893	0.698870379811086
NLRP9	0.0517244965435637	0.157927995354234	0.375312525489575
NMUR1	-0.0261507808006584	-0.0192924301874342	0.208596904796397
NOS1	0.0390653162693295	0.0496583994892334	0.330419140757312
NOS2	0.071638819100991	0.141333717501905	0.351300346087536
NPAS4	0.0453509117040476	-0.00907560009238234	0.112213701386785
NPTX1	0.0753005269328798	-0.00408144143831326	0.250985631219005
NRG1	0.00705283363683299	-0.151359803067621	0.446444093245225
NRG2	-0.0430204311330161	-0.120765222140335	0.416532476975764
NRG4	0.168022254735278	-0.0733221264010135	0.59974192181622
NRK	0.26834079835568	-0.12675214875809	0.229568497391415
NRXN1	0.0442497185491984	0.000399456652808854	0.309532726621477
NTF3	-0.059202563876431	-0.09595096670877	0.163205020717945
NTF4	-0.383883262858229	-0.408114758737874	0.632347760700177
NTN1	-0.238048083976056	-0.146567561636268	0.596998806993072
NTN4	-0.558830515730334	-0.0180323351568316	0.733899855161674
NTRK3	0.0124905971218881	-0.232051934239968	0.386335380065263
NYNRIN	-0.104082521340458	-0.233138712231417	0.708358422671718
OGN	0.0290158194234344	-0.471882448637424	0.631268867976325
OLFM4	-0.908197359876679	-0.77312060559405	1.8578581831292
OLFML2A	-0.106933567825405	-0.327208162163989	0.384231853267264
OR7A5	-0.0101639864541859	0.00633089178511219	0.171966543409054
OR7C1	-0.0341625618242854	0.00599658228885438	0.235164470721443
ORM1	1.02754835223811	0.0873326061044065	2.01423654739369
ORM2	0.450354686963238	-1.12243806430917	1.10988072303439
OXER1	-0.0921820765045941	-0.186948121874202	0.308658830420472
P2RX1	-0.0612312032268602	-0.252287574512734	0.458458321616161
P2RX2	0.239987648240054	-0.124445248097097	0.192931226200744
P2RY12	-0.0171627878723406	0.0327713101628972	0.257892448544369
P2RY2	0.0531502657167268	-0.140474023387637	0.331857843517666
PADI3	0.0125596206143486	0.00737496657999166	0.257707818655678
PAGE4	-0.0796471212596818	-1.26712402059994	0.257073284745204
PAK3	0.0475620762420696	0.00646279870352906	0.231181492576055
PAK7	-0.00659152463699235	-0.0583086041366374	0.206986338578906
PALM3	0.0592554690261544	-0.0178233938830236	0.283123325734606
PAPL	0.015151102402043	-0.00300456480044228	0.0590784799923321
PCDH7	-0.156640228543332	-0.319731435403969	0.747349338318327
PCDH8	-0.0902718098339074	0.224113330427744	0.607253147455868
PCDH9	0.0403818271998867	-0.0790721548611159	0.284912086552872
PCP4L1	-0.2304205127286	-0.17679878743561	0.847665644427227
PCP4	-0.583945376001802	-0.811570879892418	0.446773865109624
PCSK2	0.0570505141345487	-0.0211104708652029	0.18966558243432
PCYT1B	-0.0262624457285432	-0.031374075091493	0.196125151164989
PDE11A	0.429809569448521	-0.490038737125643	0.675551476419266
PDE1C	0.0950033903931309	0.0428475293206341	0.196900594765756
PDE4A	-0.19787167409684	-0.240920294788487	0.360113652092808
PDE6B	-0.193896110409582	0.104670472202188	0.32177009068394
PDE8B	-0.866348398679573	0.44911468799116	0.559565317126336
PDK4	-0.114325459518865	-0.183625955310275	0.797425696299785
PDPN	-0.326261825741635	-0.337596553312806	0.454600956159712
PDZRN4	-0.0795811364319981	-0.376188807110966	0.468955942952719
PEBP4	0.241467413963041	-1.48146516997029	0.15748248102551
PEG10	0.248739386822347	-0.0812156288146835	0.505401424474848
PENK	0.362135995852033	-0.127509504914143	0.608895910791431
PGM5P2	0.207620413374903	-0.049054895284078	0.576112708150928
PGM5	-0.317958480741189	-0.89631448614314	0.729946923593936
PGR	0.0587360865293619	-0.0670127105207746	0.366658141945634
PHYHD1	0.144181925299393	-1.23398686379915	0.317815421597913
PHYHIP	-0.215354118013544	-0.13707776773769	0.336744518636948
PI15	0.127601687251655	-0.373665762901289	0.771401757568128
PI3	-0.628028187366912	0.0178850790550069	0.717320344458938
PIGR	-1.07454958642583	0.404667642290532	0.850317580133324
PIK3C2G	0.0203941881108199	-0.0131769757565864	0.179517831715322
PIPOX	0.00228645453446515	-0.14823612071491	0.27959177346607
PLA2G3	0.0070871830492061	0.0361287323812527	0.117620651089849
PLA2G4D	0.197679495955396	0.167316249129017	1.00851742305584
PLAC8	-0.241870813855635	-0.0664690197174942	0.287529069375224
PLCH2	-0.438665087789903	-0.274181342041599	0.263717432862978
PLD5	0.0714302804167353	0.22814536171973	0.295256574125568
PLEKHG4B	-0.167696969821352	0.207912046689135	0.167064121182744
PLEKHH2	-0.0640258023868614	0.0300655177332693	0.176678206655649
PLIN4	-0.0120341508543801	-0.604921091187426	0.291523134190601
PLLP	-0.220671796671387	-0.331653727757197	0.403304977266011
PLP1	0.093291035648416	-0.290105843933074	0.495411663304607
PMP2	0.102575790851468	-0.0433933699771372	0.147161839369258
PNCK	-0.106790099891882	-0.739342409870516	0.164509540287259
POF1B	0.187883951290766	-0.0400193641161169	0.509216981864673
PON1	0.706346406944122	0.217712220103451	0.632948408599878
PON3	-0.00990017032333738	-0.0292618791735029	0.359087754583727
POU2AF1	-0.0540082089366801	0.102743276814863	0.373445960598937
PPARGC1A	0.127254432605328	-0.191462807727504	0.456253680095073
PPP1R1A	0.132410466031735	-0.28718763128272	0.339958616249101
PPP1R3C	-0.0540346683485102	-0.230760807766418	0.339773974608311
PRDM6	0.0156895834076705	-0.119195109144362	0.128949975305879
PRDM8	-0.185903124801201	-0.568201981098198	1.26255436986643
PRELID2	-0.0279893938425604	-0.101105183978413	0.154878748439895
PRICKLE2	-0.0708237907161868	-0.235322338507359	0.396104402276467
PRIMA1	-0.0535432019378128	-0.253242086193709	0.50538787401297
PRKCB	0.0779264940105183	-0.219292222971365	0.41830757055478
PRODH	-0.107640521951595	-0.158772876840429	0.413704075303646
PROK1	0.0523288918169422	-0.224384028175356	0.650128461887063
PROM1	-0.0212461128870393	-0.20921250695384	1.02850515146099
PRPH2	0.0352898759893283	-0.0207394250562952	0.157696006273215
PRRG4	-0.0618035167053941	-0.377025604471402	0.459116877408579
PRSS12	-0.0204688788959317	-0.0651773578442548	0.434809180614116
PRSS16	-0.947578708986706	0.0922903591983479	0.357809009064356
PRSS21	0.0915858176572098	-0.24821124034616	0.669343955898268
PRSS45	-0.00274672579749148	0.0133485426163059	0.0934233396055088
PRSS50	-0.0128875211179345	0.0335558784135549	0.162614679514701
PRTFDC1	-0.0461524216156772	-0.156663104612172	0.1594176288286
PSCA	-0.37980540624862	0.237867189152329	0.758062299216955
PTCHD1	-0.0439954373889015	-0.0754264160714385	0.371783023889722
PTGDS	-0.596923607920308	-0.613382254516898	0.690950202867524
PTGIS	-0.046528193238342	-0.399795000858055	0.326161871805907
PTGS2	-0.353953056077711	0.295643134555803	0.696155996742187
PTPRQ	0.112107603474134	-0.00444805832728841	0.124073187543095
PTPRZ1	0.258022628475584	-0.00851015471474251	0.534569336927729
PYGM	0.155833254771572	-0.575373554983632	0.45012885589434
QPRT	0.0274694894312769	-0.380319217138632	0.383750292507988
QRFPR	0.0148121983361273	-0.00327153925435141	0.0983263219467084
RAB38	-0.159395826825631	-0.126928482933008	0.364333099470914
RAB9B	0.134839589813595	-0.0808845537993171	0.399716493036291
RAPGEFL1	-0.196785952479586	-0.0985181018331336	0.371451231472844
RARRES1	-0.308253710903466	-0.238653324928834	0.78532742793773
RASL12	-0.106117372630457	-0.583197778525273	0.297055686459549
RASSF10	-0.244600366885801	0.203053313250591	0.227050326613734
RBMS3	0.0548464828798497	-0.0221188574062947	0.341691175326871
RFPL2	-0.489997154663637	0.199701315029463	0.145822170424448
RGN	-0.128698453616406	-0.408479353744804	0.279636719244704
RGS22	-0.017101268071567	0.0438334246897195	0.0761345159491247
RHBDL3	-0.0659640620657477	-0.0705448977088972	0.232934334741777
RHCG	0.0585451377168315	0.0173760117925008	0.670763835112332
RIPK3	-0.112173060099055	-0.179652624206267	0.247229168351665
RNASE7	-0.0809532946500798	0.000832774138872936	0.234956023408785
RND2	-0.0889473913158895	-0.254774334494085	0.276089751709101
RND3	-0.124207763621386	-0.397088476459119	0.557420402577063
RNF112	0.23103968663273	-0.149354060121877	0.216326136659706
RNF128	0.0875518552793555	-0.131950440966252	0.323570700679388
RNF165	-0.205479626904641	0.117238679350547	0.288437194217995
RNF175	-0.0361932632495439	-0.0947794967173142	0.156696321966991
RNF186	-0.00865242385285299	0.0677246723299283	0.353604965360676
RNF39	-0.110219267496889	-0.256753244713229	0.522586393851183
ROBO1	-0.25171264598107	-0.218008969339202	0.639482765346152
ROBO3	-0.0565031646059439	-0.604943147922745	0.223804646750244
ROR2	-0.428251624490161	-0.403694826940806	0.651753615562042
RPE65	0.0901104664745952	0.0187803636311936	0.43812215122422
RPRM	-0.161322204597164	-0.159885287868494	0.222056748472581
RRN3P1	-0.101838392295928	-0.072911441149582	0.105418943817589
RSPO2	0.242728459350788	-0.147458251582487	0.218173250339825
RSPO3	-0.18141124638523	-0.219067365503321	0.377914390834583
RUFY4	0.0311298039607814	0.0428940293343439	0.151205339802623
S100A14	-0.627928079351602	-0.687414447845613	0.890988157157823
S100A16	-0.27793297806323	-0.573199963729003	0.459636428932503
S100A2	-0.935853365614089	-0.52888897783383	0.504704308066793
S100A9	-0.177746356309778	-0.311654756804761	0.649107776204748
S100B	-0.0711966738309445	-0.319182218994412	0.256407027184111
S100P	0.294100042544271	-0.490203230857803	0.576479238163765
S1PR5	-0.160461464338291	-0.135012896074473	0.365860410643337
SAA1	-0.513874361153869	-0.29246388384262	0.793059333912822
SAA2	-0.0521035294447338	0.195863710547563	1.26602005957609
SAA4	0.036185897148378	0.166693300778136	0.433354292328074
SALL1	0.0558547433311856	0.0293206974769999	0.200059955216833
SALL3	-0.0796455055252374	0.144166366151193	0.451866436316246
SCARA3	-0.225041353737449	-0.403185138861612	0.449073563946861
SCG2	-0.45047070983493	0.238610723930432	0.709114647470185
SCGB1A1	-0.750821161172346	-0.663204851452227	1.19579214359778
SCGB2A1	-0.155572908827424	-0.505798432315903	0.407664007303403
SCGB3A1	-0.286492120333719	-0.565278287050858	1.16817802798227
SCN2B	0.0552539747674325	-0.0933949305816765	0.260073479857777
SCN5A	0.0380567075425587	0.0120961669057621	0.0918527330304337
SCNN1A	-0.433444411465533	-0.512537743168438	0.664898322579701
SCNN1B	-0.371381834363645	-0.304597695300446	0.496342540603018
SCNN1G	-0.0566826448161309	-0.236585038906441	0.940734279815004
SCUBE2	-1.19645806378382	0.153011941834078	0.634244413553562
SCUBE3	0.102359344010774	0.0026094324757235	0.323510502017624
SDR16C5	0.118272627044668	0.00468501752027872	0.12190923871712
SELE	0.329200300503744	-0.271242055900863	0.547687958653278
SEMA3A	0.229734930127536	-0.0118044273498501	0.263538949214964
SEMA3D	0.25367904637607	-0.251296974405349	0.677382780256512
SEMA6D	-0.0069960907472928	-0.0667849512773045	0.35319661202057
SERP2	-0.0944611680023003	-0.457367687837317	0.206722486247823
SERPINA3	-0.347142655447778	-0.284379656513947	0.596563911135603
SERPINB11	-0.20669002358305	0.425663710685603	1.09397626178755
SERPINB1	-0.154660318237919	-0.363799334358969	0.52310578927942
SERPINB3	0.0969428724902165	0.150912041843961	0.885825631479707
SERPINB4	0.0968021220407082	0.130015170253954	0.57226039728062
SERPINB5	-0.241805230490547	-0.440177456410082	1.08129523100254
SERPINF2	-0.341582538873918	-0.432029224134806	0.335164290618273
SERTAD4	-0.209640333769135	0.282873927593594	0.544553777178725
SEZ6L	-0.00258406570102594	0.13900085701062	0.332479020333156
SFN	-0.671494486981992	-0.563129030774988	0.0764215831527961
SGCA	-0.128373129284223	-0.525433858928307	0.136711550141298
SGCG	0.354184270353591	-0.0904467421175586	0.1686731131768
SH3GL3	0.0192457277087098	0.03428180005897	0.114265962404225
SH3RF2	-0.0745946563888034	-0.267513124409829	0.0214425205345378
SHISA9	0.719197125672341	-0.29833470925971	0.714919884283607
SLC14A1	-0.56143580919049	-0.74388466523014	1.27364216604437
SLC15A1	0.048299638373284	0.182450039608506	0.632093846774597
SLC15A2	0.126692127781814	-0.637799251821253	0.479341808956745
SLC16A5	-0.317282885951077	-0.343400191412586	0.855212237331375
SLC18A2	0.278706033999809	-0.060954506056668	1.18560408237777
SLC1A6	0.0164426906717055	-0.00679125003600786	0.142189878612947
SLC22A3	-0.501311723773908	-0.20597819739304	0.554902469619907
SLC24A3	-0.199864402844808	-0.283200899735029	0.349818133907374
SLC26A4	0.0449290179580006	-0.454780096226443	0.727467150668752
SLC26A9	0.022598168790311	-0.0157932348373095	0.118120487546077
SLC27A6	-0.2337521962948	0.508780104380744	0.532455702397931
SLC2A4	0.0960203954463855	-0.511184935218716	0.537856312042274
SLC2A5	-0.0207853848343704	-0.464207090994088	1.32260013194647
SLC2A9	-0.216862227879923	-0.101815900176076	0.466722077030353
SLC34A2	0.0270334732269752	0.198022643087129	0.90811222723539
SLC38A3	-0.0109137851920388	0.0302364848503197	0.218048038404073
SLC39A2	0.0585786512138675	0.136761639260119	1.13029653380132
SLC47A1	-0.0219302573249516	-0.202912007937847	0.289181777060676
SLC4A11	-0.197840145112383	-0.123263250920949	0.131395853396827
SLC5A5	0.0465006845860381	0.0388434151911697	0.136078030606767
SLC5A8	0.187867434869336	-0.0381252379849068	0.674846832207896
SLC6A15	0.138358014567098	0.126655548783368	0.192826222891356
SLC7A14	0.00817816748687588	-0.00470180861071838	0.0527667339875152
SLC7A4	-0.0657241746268918	-0.643835707224896	0.43956743266427
SLC8A1	-0.0289785447512624	-0.220971829628537	0.584452927632005
SLC8A2	0.0852055337544939	-0.00470362942603909	0.165190209736811
SLCO3A1	-0.186490675335649	-0.182444214281998	0.377747216531936
SLFN13	-0.071734485682477	0.0611477587247917	0.172532447758042
SLITRK2	-0.00855631273465291	0.050241569819796	0.263263923063272
SLITRK3	0.157424390837473	-0.00716452768833989	0.305362674615562
SLITRK4	0.0815105128534449	-0.0557863809036939	0.230980205615461
SLITRK6	0.110412959626372	-0.170337348753712	0.58167979053832
SLPI	-1.40157941490792	0.312411268421134	0.351330453201481
SMOC1	-0.189930123473871	-0.608154719235653	0.622133395886136
SNAI2	-0.094241875339682	-0.441483973809312	0.822668532822848
SNAP25	-0.0181903353120398	-0.183204611093436	0.242747814958511
SNCAIP	-0.259487493135281	-0.0949862370891753	0.432995247243593
SNCG	-0.219091659241853	-0.54545780224893	0.288108410338977
SNX31	0.250377663079946	0.24248627536011	0.397018553832305
SORBS1	-0.136867113492664	-0.354519012974652	0.694810297789273
SORCS1	0.0448060906926157	-0.0494741609017655	0.10748804165684
SOSTDC1	0.0287989338543155	0.0453603973875494	0.419147161702985
SOX10	0.0600072362428935	-0.0333179317121441	0.192097201327926
SOX15	-0.238105098135803	-0.425923448694148	0.433666045840107
SOX21	0.0736109170761154	0.0647236971676482	0.23111520291407
SOX2	-0.332866147946945	0.183209415224052	0.476174827678643
SOX7	-0.108662076256278	-0.122717484820108	0.529808850182862
SP8	-0.479427742088741	0.269788769425945	0.580420399130661
SPATA18	-0.101720107856919	-0.256596333861082	0.382800600545591
SPEG	-0.288382094617965	-0.48859423360635	0.251485127335798
SPIB	-0.0561187025621949	0.00937652902785065	0.493348840444132
SPNS3	-0.0924484811456024	-0.0862824302165543	0.0534973768207464
SPOCK3	0.0118826288941745	-0.366439138972379	0.467054090481205
SPON1	0.0238354079645649	-0.18598950382556	0.491045751224739
SRD5A2	-0.0860874754367734	-0.721488438702511	0.580443561576127
SRPX	-0.11150973783764	-0.546784768052521	0.318538811770438
ST6GALNAC2	-0.377065038940061	-0.353862080176553	0.611367110515438
ST8SIA1	-0.00970538098869697	-0.166000600434523	0.184829023106135
STAC2	-0.137401092744022	-0.0854913943091244	0.636630729446289
STAC	0.270107404117037	-0.285852140296001	0.495695260746381
STOX2	0.0149687033125764	0.0403749894101807	0.325918840910353
STXBP5L	-0.0459408521999485	0.322636824242103	0.238548317373527
SV2B	0.213720747707387	-0.0644912499164868	0.665357695875683
SVOPL	-0.00424592428407644	-0.0182939224356658	0.128412599193714
SYNM	-0.359039426831316	-0.737346694207966	0.663568118435453
SYNPO2	-0.159221990895654	-0.480433454682427	0.790036292442953
SYT10	0.0510744595561397	0.0232007185676605	0.137341529916524
SYT13	-0.729218416905695	1.00211870745535	0.44866699386413
SYT16	0.156788076856711	0.114457894549793	0.333656633981088
SYT3	0.128935096756213	0.230379454159544	0.39441075583822
SYT6	0.163101596699935	0.129623547416165	0.315923634777701
SYT8	-0.0591677448249196	0.0900754908418683	0.207919022989361
TCEAL2	-0.377111549196445	-0.696044842392101	0.691025252909626
TEKT2	0.0678787169964943	0.191687362862744	0.119853655871942
TEPP	-0.0128670801407832	-0.0219650767908129	0.147994172555055
TFCP2L1	-0.396957406130817	-0.217524522309844	0.75469419622494
TF	-0.441666820460542	-0.0679407773285258	0.724133499676017
TGFB3	0.187569331689891	-0.59197070796977	0.655205183402156
TGM1	-0.245150727669538	-0.144058783000011	0.446927681690502
TGM4	-0.026080956945152	0.311898810083696	2.78994484481634
TGM5	0.0142869262955145	0.0266406480271459	0.172938193552289
TG	0.139768011562	0.244339653632141	0.622596934038254
THSD4	-0.190763164112479	-0.281137782136035	0.741072649694274
THSD7B	0.0206886953632182	0.0418339905305862	0.304133982102144
TIMP4	0.0213596181540378	0.19790733249605	0.412215344922938
TLR10	-0.00405641837190947	0.113284825282054	0.223417379941532
TLR3	-0.0983980112384593	0.0113967263897378	0.597693749592255
TMEM106A	-0.0560186747241263	-0.135059006643693	0.320995124164244
TMEM132C	0.15913745245518	-0.0571688374736856	0.245237686105866
TMEM139	-0.122092013805052	-0.00623819661778586	0.204447596927367
TMEM200B	-0.195726428740874	-0.411460611985046	0.219555103289078
TMEM213	0.0197742862965302	0.00064512493083313	0.193110369320772
TMEM35	-0.291650491869339	-0.653491877911463	0.647147024970758
TMEM40	-0.13662443711958	-0.094063999724473	0.62675472581797
TMLHE	-0.12939674581961	-0.267845523863613	0.434752794217988
TMPRSS11A	0.0228874135363217	0.0200297439951866	0.190188340524422
TMPRSS11D	0.00887726292858235	0.0124045770875658	0.105093703234156
TMPRSS4	-0.224709821735589	0.336668776977647	0.616606989484589
TMPRSS6	-0.00525443250113973	0.00841444285982877	0.0634349777602035
TNC	-0.219078851516919	-0.21377582812242	0.577258385420144
TNFRSF10D	-0.0900744725644436	-0.0428150678985577	0.234260326486155
TNS1	-0.287442601062804	-0.353473172919408	0.793562997743507
TNS4	-0.679904319655172	-0.686765613718511	1.1170608459349
TP53AIP1	0.044427577351362	-0.0861442896703371	0.163736358780122
TP63	-0.568952527095818	-0.545675828232677	1.29397480183788
TP73	-0.0404530463058104	-0.275482729232617	0.335506672199042
TPM2	-0.375018644931103	-0.771352118075499	0.33418648822718
TPRG1	-0.039842864118815	-0.0217721068600112	0.148899192529618
TPRXL	-0.00768572798111068	-0.0460104757926772	0.231213592103666
TRHDE	0.149131785491495	0.00424959019246297	0.222547294270949
TRIM17	-0.119267592189422	0.0792641191951219	0.18054414016376
TRIM22	-0.217063076804722	-0.118079330199098	0.564851636872292
TRIM29	-1.07146673807271	-0.91198413973388	1.09790377074221
TRO	-0.110410833672414	-0.307529255049589	0.348163167159588
TRPC4	-0.0871369192695187	-0.168856703235961	0.318520748016484
TRPC6	0.0968959331086417	-0.0837172691874657	0.240059962304362
TRPM6	0.131847812344462	-0.102050685806879	0.165378151485987
TRPV4	-0.518290357548108	-0.225697472462548	0.449682620769084
TSLP	0.189303910148337	-0.130547444893163	0.298466984851953
TSPAN2	-0.24585088314644	-0.215876068032517	0.355242106526449
TTC22	-0.101889386117631	-0.251589070863905	0.29574228192954
TWIST2	-0.122693555677566	-0.324687457845684	0.193259923058094
UBXN10	0.0259845894945588	-0.151381030319468	0.323217584762004
UNC5D	0.225982435820103	-0.00943112671837464	0.58271352778896
UPK1A	-0.382822544733965	-0.298989624299621	0.988545376281229
USP44	0.0211350591825884	-0.0118032503747353	0.142112037481976
UTS2	0.0899992864176414	0.0207454880863894	0.323149158780956
VANGL2	-0.335826490053256	-0.375191796792573	0.290601501969652
VAV3	-0.162936333902929	-0.0170944343355428	0.495110546935067
VGLL1	-0.208153346488471	0.0483925227141899	0.459499525838443
VGLL3	1.5437179108976	-0.575476798846081	1.27499817038414
VILL	-0.376475865988068	-0.519230535679752	0.289316923215586
VIPR2	-0.366477172394333	-0.0469207416360662	0.434202925811645
VIT	0.294972324252986	-0.192981066478082	0.223809496405015
VSIG2	-0.436186916919742	-1.55145607984853	0.548431106272266
VSNL1	-0.184487737891049	-0.186088624348278	0.696879933170161
VTCN1	-0.190897758086932	-0.123574584367386	0.697187165463687
VWA5A	-0.092594657384351	-0.468399859382244	0.516807465185905
VWCE	0.00527283124989303	-0.0358706785164394	0.114046614977316
VWDE	0.00675615565162186	0.377331095108374	0.239473521450302
WDR72	0.156321169904276	0.196833413300036	0.235542147404244
WFDC2	-1.07698478126853	-1.11311448142374	1.00207433131668
WIF1	0.477428212767817	-0.285569223909795	0.849633425218818
WISP3	0.0101148322929253	-0.0152476349658442	0.177697210705458
WNT10A	-0.172714437355826	-0.0450449842303792	0.3294044083892
WNT3A	-0.192767044152509	-0.168635345693723	0.422114412885687
WNT6	0.0232521832029354	-0.143515321716614	0.312012415745122
WNT7A	-0.0368677572469458	0.00585943851216364	0.123664718889444
XKR5	0.0602308971865462	-0.0179205395010891	0.102380653547216
YBX2	0.165297900859651	-0.111304500850163	0.187442971205086
ZBTB7C	-0.225947962765533	-0.104666807261672	0.429107246353338
ZFR2	0.0912246715869903	0.0252695579662046	0.231596368004517
ZNF154	0.0404171717731444	-0.0811495973231888	0.311031574289527
ZNF185	-0.2731354138778	-0.482182622474604	0.701354738209733
ZNF204P	-0.431303260297136	-0.144322479135277	0.416797891681876
ZNF208	0.0421189101025221	0.0567178753915937	0.180374713521665
ZNF215	0.201713175923427	-0.118953468800943	0.135785233141627
ZNF257	0.0553590703902603	0.0416280576821447	0.154278275938634
ZNF454	-0.0172599802088314	0.056977389317225	0.296124313002731
ZNF488	-0.0169482600135298	-0.0224512102392067	0.168997201983351
ZNF516	-0.204099245193736	-0.0345980528803737	0.535772067891808
ZNF655	-0.227955881360157	-0.628667639630157	0.45560518914083
ZNF662	-0.309207957381932	-0.1127297981118	0.0537158093249978
ZNF683	-0.0329085661381531	-0.0699381966460496	0.218884565736316
ZNF711	-0.0577733858447513	-0.0956586864781424	0.272230051992754
ZNF750	-0.675771029247178	0.277948463381574	0.564495510975441
ZNF804A	0.0393024084407314	-0.0338320133403013	0.194855878371887
A1CF	0.128324731942055	0.11055988616347	0.0999131612701741
ACTN2	1.41722262305552	0.078390312149601	0.119744898970057
AFP	0.219842399575757	0.106995469287864	0.00890307592187075
AKR1D1	0.199814602995597	0.0370916304344628	0.0132912485016329
ALB	1.07498714389951	0.379376555599134	0.127005303082076
ANGPTL3	0.606527213774711	0.389969991769534	0.150476750204458
ANKRD30B	0.143218070991374	0.180915425307337	0.0498804867528327
ANXA10	0.356379056306921	0.0981326759917636	0.0595523090679493
APOC1	0.301872774586187	-0.306880916557314	-0.466179277555868
APOE	0.264416058722291	-0.229513637286974	-0.430359419881298
APOH	0.381698133273201	0.418117438397182	0.244040344383229
ARHGAP36	0.37977435341883	0.0554910018350821	0.0694122300069263
ATOH1	0.792164522989555	0.114986288716152	0.297375403853375
BMP5	1.01197821750658	0.431012305042429	0.442316743794471
C10ORF71	0.358369949591579	0.0143960015039503	0.0076473003296294
C1QTNF9B	1.0888874290239	-0.351659544718262	-0.0199259437304937
C1ORF64	1.79196162527214	-0.565366477670656	0.400843694974357
C20ORF166	0.26282558211132	-0.00783570579693163	0.0188873074857944
C2ORF72	0.808467109030348	-0.672540883274644	-0.288028655395074
C3ORF14	0.635579632375546	-1.74919185942857	-0.110174553651169
CA3	1.77006789766914	0.0594731948326338	0.0244102888054545
CBLN2	0.468501213130001	0.211079851431607	0.177809070556887
CCDC141	1.09057940021304	-0.0111188064843258	0.205824096359799
CCDC83	0.357792478818949	0.0331167593787906	-0.0330719451971056
CETP	0.292754357781993	0.00389536333665709	0.00611256267033035
CHRNA1	0.581462807185669	0.0697955120935464	-0.0263435194554771
CHRNG	0.175412946199686	0.022039033541543	-0.00514031632812544
COL25A1	0.457619841264043	0.00227918920739402	0.109233033977676
COL28A1	0.864531068533071	-0.150322806008877	-0.115895901802002
COX6A2	1.49829420924926	0.218702921877753	0.137612005574364
CPNE7	0.617833942239699	0.137689176059917	-0.448182374747252
CSAG1	0.353268060523274	0.10262488391467	0.0541523868082498
CTRB2	0.34582072284799	0.0329571859452882	0.0398166606819223
CXADRP2	1.11408768811571	-0.00920138526726166	0.185155130708907
CYP26A1	0.173794959666004	0.0567651417675786	0.00282478689679086
CYP2J2	0.855009642892284	-0.584218895877551	-0.346052894689039
DDN	0.496481326306544	0.0517485853975456	-0.0392483304235529
DHRS2	0.597467551791532	0.181271956856985	-0.0214414004933905
DIO1	0.648414862761611	0.413090977417897	0.0944491178939013
DUSP13	0.540867127917829	0.0238671106638013	0.0245177996218733
EFNA2	0.284983677257109	0.196213594917609	-0.00852028016084129
ELF5	0.638850728817886	-0.440721428415125	-0.320437155428612
EPHA6	0.969436706670763	-0.00507533221875358	0.0667967431377071
FABP5	1.57383094733204	-0.841942323825457	-0.496971730144069
FAM184B	0.0909461674795426	0.0229034581906102	0.0106111403470331
FAM3B	0.719964409085136	-2.04573127711605	-0.538045753047272
FBXO40	0.284069280807017	0.0080743350472297	0.00531772981898487
FGB	0.228015935137199	0.160150087215574	0.101582110671891
FOXJ1	0.80767437826518	0.355869213304211	-0.0535892810117429
FOXN4	0.273799060804788	0.143415458192997	-0.0173786634460161
GADL1	0.107775812911585	0.0917412948142755	0.0183842281848995
GATA4	0.364651627669811	-0.0190040663280966	0.0370538829606532
GLP1R	0.214684674500654	0.0771954288288741	0.0523538892696831
GNG13	0.881838629852604	-0.0100426954459307	-0.144457357226655
GNMT	1.00890829497168	-1.06469226457014	0.0882695773532543
GPX5	0.434940836842901	0.0195113985427164	0.188887426106512
H19	1.29016298384185	-0.113583093783585	-0.154272564852925
HAO1	0.776813409188911	0.0959529127067261	0.15250199648961
HES6	0.440435409200821	0.0647479281755295	-0.578446374493996
HFE2	0.40960065215621	0.0329767710568033	-0.000906508277321956
HHATL	0.386330426617266	0.00211161880291726	0.0230420458699903
HHLA2	0.227448261590913	0.0319381089231197	0.000655453000792913
HIST2H3C	0.594008280198671	0.124667632561714	-0.416399715077913
HJURP	0.35324345890432	0.305864330046924	-0.37984583116322
HNF1A	0.611245538057016	0.159319491197343	0.135427333945847
HOXC11	0.270605995828345	0.0705598478417966	0.087591515751888
HOXC13	0.278521351520175	0.0570668524948445	0.0412447665317455
HOXC9	0.437568381654341	0.104583685225222	0.0433991426312533
HPGD	1.55189396071734	-0.790983908166761	0.186896507705262
HSPB3	0.880046070372194	0.144338297918749	0.169575749079218
IL31RA	0.378483101019697	-0.0778729996569336	0.0282640568538431
INPP4B	0.835926660079928	-0.394949623204506	0.0236643048336883
JSRP1	0.395658337700354	0.0236579008759145	-0.0305603615581908
KAZALD1	0.711907395888701	-0.595492620304194	-0.256484416014613
KCNJ6	0.363085447384321	-0.0157975493061639	0.165799137799183
KCNMB2	0.990713437790308	0.0890940316709333	0.134896672611381
KCTD16	0.159490658560453	0.0064769930375367	0.0270034842503177
KRTAP13-2	0.942103381739364	0.299176095444884	0.30958595717898
LMOD2	0.986655176059083	0.0761588898784795	0.00781452196953283
LRRC39	0.55822777329136	0.0546244760848176	-0.129142409120968
LRRTM4	0.444356608209193	0.0152199911269713	0.0542222359181219
MADCAM1	0.400421903293948	0.0917938923860783	0.0599133254263897
MAGEA12	0.248683906788736	0.0612007622043927	0.0247953954766895
MAP2	0.841239809422576	-0.195183560421847	-0.0069249039707775
MESP1	0.678938743421509	-1.21963639513079	-0.6636199217467
MESP2	0.502286485053018	-0.184553768371732	-0.245625156919242
MIPEP	1.4193485095415	-0.608083360779109	0.051233868116467
MON1B	1.15632280549994	-0.295092630633255	0.188749576583814
MORN5	0.762889872457757	-0.128182799865512	-0.0524240845774988
MOV10L1	0.766619423948214	-0.123989141010642	-0.150561653331779
MUC13	0.765999415412651	-0.153562853232841	0.312102249834431
MYBPH	0.797137176921875	0.0219809287837226	0.0194018130441662
MYH15	0.387529666570223	-0.0429086458138753	-0.0268280421234098
MYH1	0.105133444857067	0.0235674393476645	0.00865032449249474
MYH2	0.515258738999153	0.0354051642580238	0.0248877058306369
MYH3	1.0275049841502	-0.162186962062771	-0.119725522161804
MYH6	0.740519044984326	0.00406039451400489	0.0655544422754452
MYH7	1.82883489791016	0.0913500566524591	0.049428258515908
MYL2	2.31755150270315	0.21788525648465	0.123747879811063
MYL3	1.17118656145447	0.023799055578467	0.0349491273573613
MYLK2	0.256097267906376	0.0303046477082912	-0.0257140854556389
MYLPF	1.09502626539922	-0.0101277187757398	-0.0838318768293017
MYO18B	0.412006132358518	0.122857429751355	-0.0169748491871001
MYOM3	0.6552589259717	0.0257333759418055	-0.0155310063686936
MYOZ2	0.733633721576797	-0.00237085577561797	0.0278725968433127
MYPN	0.367986770307469	0.0124987092467223	0.00195719973830089
NLRP8	0.40621877226555	0.000774177011045674	-0.00917241255733014
NRAP	1.36337216786441	0.0497225551095638	0.0348868784101996
NUDT8	0.645976816508509	-0.351972584283551	-0.610506283808587
OR10H1	0.418312501723493	0.00114822724638274	0.0910201880237619
OR4N4	0.459294443151708	0.040722944248473	0.113887250733944
OR52I1	0.242350488084627	0.0348830266998853	0.0355744076569576
OTX1	1.11356647292701	-0.133183491319827	-0.124252046264747
P4HA3	0.716587544211279	-0.387689715306212	-0.447919227753923
PCDHA13	0.573537855308499	0.198174495536579	0.18960827382583
PCDHA1	0.459961122449715	0.499222482551886	-0.000208929340871272
PCDHA6	0.666351408459065	0.397495486512585	0.313847860514071
PCGEM1	1.28340240757419	-1.00205383319815	-0.178835488215708
PNLIP	0.315998234156786	0.0823906950058919	0.105511785276528
POTEB	0.458096301969769	0.0203878641841103	0.0822303293548377
PRIM2	0.914761741627243	-0.729171438241077	0.312179305632796
PRKAG3	0.23236935990571	0.0100950596371173	0.0219125696114097
PROC	0.780568647155088	0.0774496611695808	0.133426298494104
RAMP1	0.454881713171511	-0.935854270304978	-0.40081186299524
RAPSN	0.279039253156478	0.0314997862593968	-0.0549851490196437
RDH12	0.580512960446843	-0.0847847917457193	-0.0954795168209836
RDM1	0.233801966570937	0.140244964199674	-0.0963498101681411
RELN	0.675516677927526	0.451408565072086	0.235955307069623
RLN1	2.19687170884943	-1.61235243876776	0.610675036473106
RLN2	1.26876434422609	-0.586753770223897	0.255367592454443
RPGRIP1	0.310346212762089	0.0476981423448741	-0.0884150873150003
RPRML	0.44076227721955	0.157267322471383	0.110772465439723
RYR2	0.749027171590186	-0.551275142331968	-0.115744822744763
SCGB1D2	0.919660229899027	-1.36978224149118	0.221931435823721
SERPINA4	0.595613827610619	0.214798364366313	0.311614669391755
SGCD	0.740058904442289	-0.311456538488124	0.0846963481069451
SHD	0.160460640603612	0.056524040943131	0.0118451250488905
SLC17A4	0.356855646135822	0.320368858193578	0.181095811857373
SLC22A10	0.512948995999614	0.156258241791339	0.135712960001225
SLC26A3	1.11867875621174	-0.0840696457758465	0.44699900014221
SLC38A4	0.725968884823209	-0.150770833545108	0.369342532575277
SLC4A4	0.689020340290221	-0.689595993244369	-0.0633948976877149
SLC6A3	0.428265891130945	0.0154580639443459	0.0592821554594898
SLC7A13	0.213300413359876	0.0501815037465897	-0.0275085911347278
SLN	1.59534988244957	0.0866519263054117	0.0439699758625407
SLURP1	0.497440060710724	0.376998677534286	0.236104023815282
SMPX	0.898809788083243	0.064362672821935	0.0355163522136998
SMS	0.92382710806902	-0.338441501542986	0.0228459797424246
SP5	0.89079692518481	-0.372691865544349	-0.412025110459313
SPINK1	2.02905979048259	-0.396737725032635	0.113475429864876
SPON2	0.479276396992682	-0.85801928038706	-0.567445289524532
ST18	0.469142401241513	0.00793838553180025	0.0560600583864538
STAP1	1.17302301986174	-0.0303160445796571	0.432651563855047
STON2	0.539860987709711	-0.282067356101027	-0.0851099770960359
SYCE1L	0.392646139315969	-0.906531469380076	-0.786155900347648
SYNPO2L	0.657567358055399	0.0133152505370352	0.0061286216967848
SYT1	0.845281032607061	-0.460377299562419	0.358953867049923
TBX10	0.750184060658129	0.15346731971757	0.0649424765735456
TCAP	1.75687542437445	-0.0412217315628221	-0.17477979481725
TFF3	2.08515971282759	-1.47381951080521	-0.335784869974791
TM4SF20	0.0569776957691259	0.0672813072014759	0.0232013913481322
TMED6	1.01581438909891	0.421387697898449	0.397134044070034
TMEM132D	0.33339888716629	-0.05865128563269	0.134840963508323
TMEM145	0.381083004667055	0.132673246672749	-0.0841596579187556
TMOD4	0.743722036185881	-0.0228059777152457	-0.0489231489766673
TNNI1	1.37967624625485	0.0478812847548296	-0.166211825944926
TNNI2	0.900496847236872	-0.140982772270351	-0.0529569180226536
TNNT1	2.23855580985365	0.16993619566299	0.0361575307091321
TNNT3	0.928328667298832	-0.0108193880970094	0.23110174707944
TRDN	0.85526724060618	0.0470559191178344	0.0158102017362866
TRIM54	0.665441913987761	0.16272138332593	-0.0347125698461044
TRIM55	0.168066555371388	0.01460863079512	0.0127680189257789
TRIM63	0.539006090898136	-0.0043373651328192	0.0113392012920734
TRIM72	0.331122007935332	0.0270391279673544	0.0103746236950593
TSPAN19	0.999666248079349	0.107773435803061	0.0820887662657907
TTN	1.80895533646252	0.034815830926548	0.0137799271772338
TTR	0.77509899868225	0.035165216845801	-0.151640283819057
UNC45B	0.368060923522622	0.0059036602565069	0.00186664041646687
UNC5A	1.55511082374937	0.0591165896457228	0.143676376628899
VGF	0.256253324772563	0.0636416582616714	-0.128271125031901
VSTM2A	1.61182835947067	-0.205613703434661	0.168478540031201
XIRP1	0.763892797856453	0.0904606939864108	0.0423148593899142
XIRP2	1.00990132247528	0.0480585080572952	0.0236697051637372
ZMYND10	0.673373511503496	0.237901745080498	-0.297367676568725
ZP1	0.755075829271188	-0.0219381407253886	-0.0513526030450395
ABCC8	-0.156618438332759	0.707079187892928	0.297390122254034
ACER3	-0.219845275524517	0.779977786877255	0.182896555459722
ADAM21	0.0651980916235593	0.379833860120386	0.0994882430892374
ADAM2	0.143984855555264	1.0368851485989	0.12371223294476
ADARB2	-0.0840168488720282	0.870580564610294	0.132860853986959
ADCY1	-0.172005465948585	0.686028530737644	0.251037331011787
ADD2	-0.0632809226535109	1.18300062823022	0.134373134969434
AGMAT	-0.2051551373517	0.672804950721347	-0.119953646204383
AGR3	-0.379927327768975	1.29476967342961	-0.23480645711926
AGT	-0.197878922954309	1.39277795051875	0.187482832904167
ALOX15	-0.481837958791744	1.87690097306327	0.220812123734224
ALX1	0.0660471181259926	0.47506732978917	0.12247580712905
AMPD3	-0.469672245412441	0.706839106787361	0.107565945288106
ANKRD29	-0.00604896421631088	0.871660142133622	0.177562022948621
ANKRD34B	0.0398822389606771	2.20919084688346	0.424974131264399
ARSH	-0.0158701309846856	0.4187904317099	0.0663734135446261
ATP11A	-0.172390406644619	1.1663819345275	0.238317567768575
ATP12A	0.0218245533412057	1.18469284538462	0.308298460882988
ATP8A2	0.218999466672255	0.924117778932101	0.487892994453462
B3GAT1	-0.236893927494736	0.140786180356031	-0.201470086763623
B3GNT6	0.0720307258979321	2.31234709190905	0.491711707042467
B4GALNT4	-0.49978948251777	0.752813687015041	-0.401190589195357
BARX1	0.0139204612436468	0.515311940815471	0.00429090888063711
BCL2L10	-0.11886117043101	0.635017597344808	0.0346097466256302
BICC1	-0.0904665224735844	0.688547372977003	0.182898838659423
BRSK2	-0.0804033328352187	1.28681863697065	0.36828131384148
C1ORF87	-0.000979064597130487	0.297919235416844	0.0882975515409271
C2ORF70	-0.0713849296850994	0.429495006273585	0.00564484218427346
C7ORF10	-0.178904608758028	0.7498175002498	-0.290905057022556
CA8	-0.264419692282527	0.925208292607214	0.258338420048776
CACNA1D	-0.378129037677679	1.53128880999941	0.0191107573506416
CADPS	-0.322109983574487	1.49451569693373	0.105251058152451
CCDC144NL	0.061201638167366	0.257321185061837	0.0256372332161987
CD163L1	-0.00520809365439803	0.597544183124461	0.114499892093386
CDH10	-0.0204953649343823	0.719394072183639	0.0697538629981592
CDH7	-0.2296219552894	1.30791230218888	0.241396503004839
CELSR3	0.105101328237686	0.719642971378658	-0.166553561090671
CGA	-0.106702945485766	1.63877504855015	0.427257047065436
CHRM3	-0.141408434409218	1.13715622156477	0.521186356967795
COL10A1	0.124560730784147	0.895166913954374	-0.194657904814275
COL2A1	-0.0449400531466256	2.65931167039012	0.999926016664082
COL9A2	-0.602042851216746	1.13104719493612	0.209100261102329
CRISP3	-0.793823623765514	2.66532310269044	0.437651982670431
CST2	-0.415252875798446	1.52511974439483	-0.517001635694026
DIRAS2	0.206354667225612	0.795710406656355	0.0530872335502071
DLL3	0.0722367460579971	0.332823099681008	-0.0493382850369417
DLX1	-0.744385503657465	0.670026632999653	-1.04268283661363
DLX6	-0.0961350952436874	0.645579936935076	0.17399189237025
DNAH8	0.293496262681716	0.767279613953399	0.134044233048345
DNAI2	0.0657723182566827	0.171714542534191	0.0410237534165372
DNASE2B	-0.350330600050702	0.735628042141826	-0.151144972833127
DYTN	0.151207295903523	0.454981513495307	0.0728345921432694
EBF2	0.142523416194368	0.607572969504098	0.153668443455443
ELAVL2	0.0725440332581598	0.596778875106642	-0.102424342161233
EML6	-0.0738856690780715	1.07857367330859	0.484318177677162
EN2	-0.0256931857300461	0.457991532360329	-0.0520432563401347
EPHA8	0.0193313520562456	0.481260356302802	0.0797871307407618
ERG	-0.351098180306173	3.36976744792459	1.46675239811813
F3	-0.940413638617648	0.775230147776527	0.483307708687425
F5	-0.549680794345482	1.4843592337613	0.0656802368088106
FABP6	0.0982895643020492	0.205426537781762	0.135782063009081
FAM189A1	-0.105251952617354	0.566480594638947	-0.0807107063160931
FAM19A5	-0.819307677454454	0.960760071735975	0.0119533990232748
FAM81A	-0.158150059526833	0.698886769229147	-0.00200747529577136
FBLL1	-0.0139084971008874	0.782737633752326	0.134637166902767
FFAR2	-0.28038923720335	0.284425229906129	-0.329507592442591
FNIP2	-0.100761451011189	0.916932098679302	0.488040680700069
FOLH1B	-0.198120152523741	0.328283025126377	-0.400698485477344
FOXB2	0.0224810181693744	0.859172273767032	0.200579337198662
FOXD1	-0.427823175968675	0.902148674114861	-0.323458773305621
FOXD3	-0.170304074953298	0.740286455318317	0.0978342868510038
FOXL2	0.166102957585372	0.57414239118448	0.0254474420374213
FRK	-0.123521975177384	0.698185099647131	0.236361360573294
FZD8	-0.244278559724567	0.975270216671365	-0.113448634153983
GABBR2	0.0222018042350722	0.21841138705851	0.0414617352923768
GABRA2	0.0672407716421467	0.335780073606952	0.128598429984603
GDA	-0.0126101736549417	0.923548190503874	0.279087010339699
GHR	-0.46172461430948	0.800149043161446	0.336853232700704
GJB1	-0.236822614485009	0.283661651045976	-0.443459504159527
GJB6	-0.0463629293879131	0.463901934784553	0.135216503022357
GLDC	-0.0211873116218077	1.20720955973462	0.342641259442046
GP2	-0.843321517437344	1.33263715570456	0.213910729264273
GPR116	-0.0891035303341076	1.62153422395471	0.270609425227011
GPRC5D	-0.0553826643698681	0.661353668688613	0.215966331595699
GREM1	-0.577072519139786	0.701936781802552	-0.0458806471498066
GRID2	0.040723348680974	0.1353130329856	0.0540829271309469
GRIN3A	0.0143134194730286	1.71214974320012	0.31367444792711
GRM7	-0.0654198051813662	0.829079543693251	0.251498301224165
GRPR	0.329764236633099	0.80061128123551	0.326874139519402
GUCY1B2	0.0312793794248263	0.245952346702385	0.0588844641304847
H2AFY2	-0.761592606808101	0.544793356405614	-0.0464830492813616
HABP2	0.0444494352805073	0.575771706278557	0.136545544268028
HIST1H2BH	0.122838065453341	0.422231432548925	0.0360592245868677
HLA-DMB	-0.75543063647727	1.64402005201907	0.748543181122882
HNF1B	-0.677842291908864	0.324169126181654	-0.0754073009929398
HOXD1	0.166536466503539	0.55521810429813	0.208274225370461
HS6ST2	0.0934048549532247	0.889449484166732	0.307066679485122
IHH	-0.408603890509179	0.517482777760246	-0.141142667999898
INSM1	-0.634457726858072	1.03239071353558	-0.170076191356051
KCNC2	-0.419944614045121	1.56607727789964	0.291275548551457
KCNG3	-0.142078679597225	1.1505423657276	0.299344068107248
KCNH8	-0.181441846066924	1.04346369237945	0.257014899744481
KCNN2	-0.655212134372432	0.713425924046897	-0.178933942081954
KCNS3	-0.389405311591325	0.768443683583299	0.0592867744533257
KHDRBS3	-0.557305003148554	1.56450208828427	-0.0898299192122845
KIAA0087	-0.0225386995044262	0.861178072317634	0.241812786687669
KIAA1239	0.0175247435778106	0.152116563676581	0.0334698215429442
KIF25	-0.013850207673061	0.539181573127064	-0.0141275584405661
KLHL35	-0.0347261784329323	0.59267267151904	-0.330081976366629
KLRG2	-0.00540984392967216	0.450540015717093	0.0265285086230753
KRT75	-0.00474320104357112	0.463529787978574	0.046806088455874
LAMB4	0.0168668254455702	0.108873790500247	0.0296758101637003
LAMC2	-0.765571997434944	0.951310308599261	0.391956372805793
LANCL3	-0.0287107793688973	0.213035460609192	0.07106242800133
LINGO1	-0.0326649797651263	0.897300213904435	-0.0619752106328789
LPPR1	-0.00784836399474243	0.99349185536167	0.116694813065393
LPPR3	0.0500293432434528	0.165663462299811	0.00787926384184209
LRRC31	0.142013248702321	1.46675336505476	0.217427464816898
LRRC7	-0.071203207393986	0.912674852146064	0.147137507929992
LRRN1	-0.367377502535303	1.29615521950239	0.0754183070078795
LUZP2	-0.347451355962196	0.435088048079357	-0.185279395220341
MCOLN2	-0.203334019376105	0.504137413411931	-0.0716709675988057
MCOLN3	-0.175930524095194	0.599088933379018	0.162270899577571
MEGF11	0.0124248288247326	0.194240473473582	-0.00196406528350731
MEX3A	-0.371555837795215	0.864173447753561	-0.11653167306704
MFSD4	-0.251098770708917	0.958396244621246	0.217207424610243
MFSD6L	-0.413228147917695	0.380071878141225	0.0515386913943489
MGAT5B	-0.0969738224192504	0.685041953575612	0.0135495037494814
MMEL1	-0.249972901411905	0.487762725706633	-0.0460593864528102
MNX1	0.0941237986992088	0.653998082366567	-0.303810944349567
MTUS2	0.0458024061339632	0.332465349195305	0.0233334801964889
MUC2	0.198713464542772	0.551564092873517	0.238546338154264
MYO6	-0.421136969132636	0.979464430308356	0.259669950413604
MYT1	0.0164613164894945	0.663570090200976	0.16642178848505
NCALD	-0.775030014908588	0.787534707544972	-0.135893372348646
NETO2	-0.258510448335949	0.610273932391029	-0.263331935681438
NKAIN1	-1.47270597888	1.51368925629619	-0.362400703039481
NKX2-1	0.0718488336157731	0.955591404723806	0.265204472072885
NKX2-2	0.0377066593956521	0.90427523823575	0.172155898934994
NKX6-1	0.0569221041203994	0.741834206186765	0.0949522743737906
NPY	-1.24989024011683	-0.174273373572256	-0.121587652625567
NR2E1	0.0191596604810259	0.28090876543922	0.0497102867418052
OCLN	-0.167363734170768	0.755575772796176	0.0145255910511721
OGDHL	-0.770766642691317	1.67858189608957	0.342971099956771
OLIG1	0.023525049164759	0.45123337105746	0.0460109478052208
ONECUT2	0.103609620261687	0.555015141068396	0.0526451207360368
OR13A1	-0.0400276941615138	0.378308580955735	-0.00343704300403098
OR51E1	-0.513189215645926	0.994841273259839	0.226721003334054
P2RY1	-0.416505513560854	0.684940080740896	0.395649802917537
PABPC1L2B	-0.481181483722445	0.29266283750982	-0.157605594528894
PAX1	-0.0380646871584866	1.06794197238406	0.210168065899014
PCBP3	-0.0647564397961754	0.362549047040201	-0.167724455472613
PCDHB10	-0.161652378562224	0.860070631595828	-0.0724030699845928
PCDHB16	-0.00267096329094259	0.802521334663537	-0.0131065940927113
PCDHB8	0.237173241453455	1.24302797898775	0.164669783007979
PCDHB9	-0.142131034417324	0.584504704986547	-0.152775502858239
PDE3B	-0.184927263883569	0.751270007704385	0.0486334796173065
PEX10	-0.359342276120317	1.2810157844134	-0.104821427659419
PLA1A	-0.507386967502917	1.17234064285625	0.19045300155505
PLA2G2A	-0.883949721137259	1.18449839451066	0.0954445428011699
PLA2G7	-0.871487695059157	1.1408968263937	0.0769864551893013
POPDC3	-0.0187760677309162	0.898205647314112	0.0852004942453012
POU4F1	0.0387059177921799	0.231404524150159	0.0426398013214761
PPAP2C	-1.10028611159515	0.548832321010558	-0.00313233220206541
PPAPDC1A	-0.121993787717246	0.676839581963274	-0.0514575339334871
PPP3R2	0.0263587205488309	0.217773586656165	0.0317556256919974
PRAME	0.199462839079718	1.15784353869323	0.311820525733777
PRB3	0.0955738756159119	0.233617585311282	0.0492010891944816
PRSS3	0.066583033186599	0.487506848251053	0.118042849021212
PTK6	-0.339816300511622	1.09510127353042	-0.23753012452438
PTPRT	0.312796921044271	0.918506634097766	-0.0469493216542453
RGS17	-0.389852538652491	0.927351612401105	-0.139423604798812
RIMBP2	-0.0125782810814649	0.648276981593529	0.242995884917777
ROPN1B	-0.113754461067625	0.632548786774538	-0.117858484644889
ROPN1	0.0126087730841283	0.29584413505625	-0.0356822717202799
RORB	-0.158296401998532	0.855210157828504	0.495737590831248
SAMD13	-0.584382889443291	0.800896243941064	-0.295270512877169
SAMD5	-0.169140535571518	0.566756825025488	-0.115991328023771
SCGN	-0.127341305577139	0.581858841985258	0.158880101083453
SERPINA11	-0.436484015122984	1.34426212710703	0.475161180803353
SERPINA6	0.0831880975576093	0.385926609798898	0.0760348427690195
SH3RF1	-0.273768031812219	0.807609793355167	-0.0144217539252148
SHH	-0.02834464374163	0.815084478186331	0.462879312877825
SHISA3	0.0801942459471982	0.409180602303561	-0.0381307338363484
SLC10A4	-0.016718997233358	0.369814867928256	0.0595434912454771
SLC12A1	0.0249318787292506	0.27226462373424	0.0877488354727798
SLC18A3	-0.00309382380372388	0.676043598643568	0.130245669439541
SLC22A15	-0.157326951882795	0.540278259942552	0.0245601733689205
SLC22A16	0.0725910334998698	0.434055659625732	0.094634576441854
SLC24A2	0.0260481685421516	0.179874910578243	0.0433275627428606
SLC3A1	0.101968806946635	1.2960285148206	0.415553889610915
SLC44A5	-0.0115471647244671	1.77401887370663	0.325647171122738
SLC5A1	-0.78133811218499	0.813162974830536	0.338908593765585
SLCO1B3	0.276358092190836	1.24316207183548	0.350952894943751
SNAP91	-0.716786440842788	0.773438043656412	0.00218592371091603
SNTN	0.252535759972864	0.533481542365592	0.0899235784526838
SOX3	0.0861703608827272	0.166632728775694	0.10074166882298
SSPO	0.0936121154495747	0.55107387627735	-0.264147652322212
SSTR1	0.0705921447622351	1.15971314680221	-0.193231394396798
ST6GAL2	-0.0541213968053506	0.450478572318325	0.160120992634301
STEAP4	-0.356819342480059	0.635967962035885	0.187058608968882
SULT4A1	-0.077427892927391	0.677736910966462	0.151715101079524
TAC1	-0.161935606016928	0.64171592880677	0.118442015547887
TBX1	-1.13078144204012	0.499718360162463	-0.645772403882521
TDO2	-0.0323265036300586	2.13697046984269	0.544631834065031
TDRD1	-0.539863474141176	1.44154101532963	0.232654036498562
TDRD6	-0.0659720507401092	0.521822044520701	0.0412896817483198
TEKT1	0.39351455411003	0.323918508305517	0.0957880364789086
THEG	0.000102521092185896	0.426665800637068	-0.00506681962033658
TMC1	-0.0534057326362481	0.397338382507129	0.1118514897766
TMEM105	0.0291996087099965	0.485647104820989	0.127890782235778
TMEM217	-0.062576234193464	0.73884909284933	0.0146044405838386
TMEM26	-0.0542944071453659	0.764102336156809	0.175695965949078
TMEM45B	-0.59428133920649	1.06834503447635	-0.101465719160272
TMEM63C	-0.00678573244753749	0.598648423507421	0.0810742489514047
TOX2	-0.292586663752309	0.671945488307973	-0.107337676196343
TOX3	-0.198387495425014	0.595967365901675	-0.121407688203921
TPO	0.0507451100705573	0.431179311818004	0.0288994312949857
TRIM46	-0.128960763119111	0.580362688896888	-0.101411325519129
TRPM2	-0.332416271004464	1.00779975293787	-0.153948655504456
TYRP1	0.155841409543953	0.430452625061805	0.0178317939614529
UGT2B10	0.0291614587095781	0.182121694584461	0.0169149650904067
UGT2B15	0.252613134276482	0.845044629061815	0.183389784996496
ULBP2	-0.0403781562864609	0.93279079192688	0.0927918591646052
VTN	0.133573874487474	0.696875222577703	0.187930626451722
WDR66	0.00715082978676434	0.537418318706379	0.051602074477164
WNK2	-0.741784222605458	0.633397400509572	0.187757943089448
WT1	-0.141506964548591	0.583916849233958	0.321583445376118
